0 0.4707629870129871 0.38083292978208233 0.4700422077922078 0.3587457627118644 0.4288863636363637 0.3582082324455206 0.43177597402597406 0.38083292978208233 0.4707629870129871 0.38083292978208233
2 0.4685974025974026 0.4093801452784504 0.4736525974025974 0.40561016949152545 0.471487012987013 0.38568038740920096 0.4324967532467533 0.38621791767554486 0.4346623376623377 0.4104576271186441 0.4685974025974026 0.4093801452784504
1 0.472211038961039 0.4341598062953995 0.4707629870129871 0.4142300242130751 0.43394155844155846 0.4142300242130751 0.4368311688311689 0.43577481840193705 0.472211038961039 0.4341598062953995
4 0.43321753246753253 0.45947699757869254 0.43899350649350655 0.4643244552058111 0.471487012987013 0.4643244552058111 0.46354545454545454 0.44385472154963684 0.4628214285714286 0.4427772397094431 0.43394155844155846 0.44223728813559327 0.43321753246753253 0.45947699757869254
3 0.4750974025974027 0.4939491525423729 0.47798376623376626 0.46809200968523007 0.43610714285714286 0.46970944309927365 0.43321753246753253 0.4934116222760291 0.4750974025974027 0.4939491525423729
6 0.52925 0.3813704600484262 0.52925 0.3560532687651332 0.47870779220779225 0.356590799031477 0.47870779220779225 0.38083292978208233 0.52925 0.3813704600484262
6 0.5306915584415585 0.40830266343825666 0.5314155844155845 0.38514043583535107 0.4750974025974027 0.38621791767554486 0.4758181818181818 0.4088401937046005 0.5306915584415585 0.40830266343825666
6 0.4794285714285714 0.43469733656174336 0.528525974025974 0.4336198547215497 0.5270811688311688 0.41369007263922525 0.47798376623376626 0.4153050847457627 0.4772629870129871 0.41638256658595646 0.4794285714285714 0.43469733656174336
6 0.5278051948051948 0.4643244552058111 0.5270811688311688 0.44062227602905574 0.47870779220779225 0.44223728813559327 0.4794285714285714 0.4643244552058111 0.5278051948051948 0.4643244552058111
6 0.4772629870129871 0.4923341404358354 0.5321363636363636 0.4912566585956417 0.5314155844155845 0.46970944309927365 0.4794285714285714 0.4686319612590799 0.4772629870129871 0.4923341404358354
5 0.5639058441558442 0.5989878934624697 0.5574058441558443 0.3307360774818402 0.4115584415584416 0.3371985472154964 0.407224025974026 0.6000653753026635 0.5639058441558442 0.5989878934624697