0 0.47499015905823994 0.35778629910628856 0.43387814546641956 0.35581277804145384 0.4359764050333629 0.3785245389719607 0.474939668185458 0.3798851661031414 0.47499015905823994 0.35778629910628856
2 0.4769628051069569 0.40474815813587584 0.47549407927095 0.3847549389321405 0.43650881180768475 0.3839314013083349 0.43782712334797624 0.4082319223815471 0.47177911953230633 0.4083394136009783 0.4769628051069569 0.40474815813587584
1 0.4737741263984905 0.413261915926566 0.43697512844646585 0.4119768666015561 0.4391110760897514 0.4336093822321828 0.4745257568683571 0.4332300936083167 0.4737741263984905 0.413261915926566
4 0.44027572855891517 0.4622170918648178 0.47274944088621096 0.4633510988875406 0.46552710362971605 0.44261667844739205 0.46484112228667984 0.44151458483792977 0.43599768903155584 0.4399670692556236 0.4346724469317293 0.4571710085914385 0.44027572855891517 0.4622170918648178
3 0.47911075073129167 0.4673430916930786 0.43720318985006085 0.4674980667309436 0.43348814560900395 0.4910849612322923 0.47532374411778944 0.49308375043922004 0.47911075073129167 0.4673430916930786
6 0.5342558501623755 0.3571617675030392 0.4837256717817923 0.355935072706287 0.48287963361959996 0.3801624358058395 0.5333722929286676 0.38246353623744994 0.5342558501623755 0.3571617675030392
6 0.535404987871194 0.3863067932631574 0.4790835099937807 0.3854181425298723 0.4790143440876542 0.40805179251164325 0.5338730528683787 0.4094296429207367 0.535404987871194 0.3863067932631574
6 0.5308252304346002 0.43465583384897694 0.530076844740146 0.4146877694772805 0.4809529878441518 0.41458832312202937 0.48019504412867026 0.4156399937573599 0.48172013307436373 0.43401918467629674 0.5308252304346002 0.43465583384897694
6 0.5291369243967516 0.44160356649648963 0.4807366524177224 0.4415293882833317 0.4806861615449405 0.4636282552801845 0.5290333151896954 0.46531657508819513 0.5291369243967516 0.44160356649648963
6 0.5324219252464422 0.49238352771974564 0.5324535720810529 0.4708242833728329 0.4805358317516384 0.4679331373171505 0.4775443724275466 0.4915452999605923 0.5324219252464422 0.49238352771974564
5 0.5632780997724134 0.33284262355890126 0.41729400653084847 0.33421115558458947 0.4037883113552699 0.5967665833801142 0.5604122867807816 0.6011578745097231 0.5632780997724134 0.33284262355890126