0 0.46026178597371636 0.36117960088006007 0.41916869916983945 0.36351426657270325 0.42362948971949876 0.3858822822523928 0.4625215323023558 0.3831626857046024 0.46026178597371636 0.36117960088006007
2 0.46713247661753204 0.40767800027213946 0.46358193613619025 0.3879478296697265 0.4247241509249251 0.39120387356920583 0.4285753367410478 0.4152334727659588 0.46235257622980613 0.4117914251512258 0.46713247661753204 0.40767800027213946
1 0.4648511958431614 0.4164784264920933 0.4281194624210943 0.4190469595074574 0.43250492273518487 0.4403377026292392 0.46768595172999855 0.4362586496292381 0.4648511958431614 0.4164784264920933
4 0.4366535150417695 0.46866695690239 0.4690678689865757 0.46640032446982116 0.45971775934390335 0.4465344291689441 0.45892033572706553 0.44551007751920624 0.4300731503915502 0.4469859991427005 0.43055346944753153 0.4642342190189084 0.4366535150417695 0.46866695690239
3 0.47581160778406867 0.4697055107786056 0.43414982020875864 0.4742401697852086 0.432920629204248 0.4980861806760305 0.47473597829126757 0.49570100948453993 0.47581160778406867 0.4697055107786056
6 0.5191375320921622 0.35436353891066824 0.46875593879380467 0.3584254059711266 0.47044698435101096 0.3826084841096287 0.5209035700811901 0.3796190587884327 0.5191375320921622 0.35436353891066824
6 0.5233268594589768 0.38322878757139256 0.4672210272348575 0.38823220249129453 0.4695181008775342 0.41074909277614546 0.5242203124974717 0.40638509865083416 0.5233268594589768 0.38322878757139256
6 0.5238260413257098 0.4317916820610251 0.5209945242831917 0.4120112324418227 0.4721293780404956 0.41704717213522924 0.4714855159353673 0.418172308300604 0.47492339886710283 0.43629140088480056 0.5238260413257098 0.4317916820610251
6 0.5228732198218259 0.43887783033780337 0.4747303358622725 0.44386326453236274 0.4769900821909118 0.46584634935690516 0.5252488625443904 0.4624717666985043 0.5228732198218259 0.43887783033780337
6 0.5314481764046044 0.4890362375296323 0.5292260951937494 0.4675917889840437 0.4772905586238193 0.4701433625419227 0.4767836299024514 0.4939388679338974 0.5314481764046044 0.4890362375296323
5 0.5454587520377225 0.32714396662930295 0.4004174254830804 0.3437644946214251 0.41443023130884543 0.6062933458739228 0.5706552191226781 0.5942889175891559 0.5454587520377225 0.32714396662930295