5 0.7406963017456043 0.20931644189774168 0.23694435145098508 0.09425362351116645 0.15723551457703083 0.6028579492583261 0.6809815876032933 0.7173784280879181 0.7406963017456043 0.20931644189774168
2 0.5034542260510426 0.17646056097888918 0.300323199931972 0.1300889141395628 0.2811266613511635 0.18032040800506488 0.496868484763051 0.23416478409529978 0.5034542260510426 0.17646056097888918
1 0.49297014056021804 0.2525050516090587 0.277996221715619 0.20840834175019696 0.26054217375280725 0.26380243496863265 0.4914936905927336 0.3128926953006036 0.49297014056021804 0.2525050516090587
0 0.46890067172586825 0.3256618798667594 0.25903604420177656 0.28424859058303176 0.25484251756558707 0.3440587018000828 0.46677449772457835 0.38910623481059736 0.46890067172586825 0.3256618798667594
3 0.45407519948182484 0.408770616153168 0.2539861120483619 0.3614481461621889 0.2521848000639748 0.42336414547988027 0.45118112091324636 0.4624673048656328 0.45407519948182484 0.408770616153168
4 0.44087403732229513 0.4842375743088438 0.237093287169419 0.4409226387218106 0.22409880649330902 0.5020568637676734 0.4339634340174007 0.5434701530514011 0.44087403732229513 0.4842375743088438
6 0.529296875 0.53515625 0.173828125 0.09375
6 0.55078125 0.45703125 0.18359375 0.09375
6 0.5517578125 0.376953125 0.16796875 0.0859375
6 0.57421875 0.3017578125 0.1796875 0.08984375
6 0.583984375 0.2255859375 0.169921875 0.091796875