5 0.6481180555555556 0.53587625 0.6911875 0.28783000000000003 0.24660416666666668 0.286183125 0.22159722222222225 0.5083850000000001 0.6481180555555556 0.53587625
0 0.4355527777777778 0.33344 0.4466666666666667 0.292828125 0.2552875 0.2939975 0.25633055555555556 0.328441875 0.4355527777777778 0.33344
2 0.45500277777777776 0.38155 0.46194999999999997 0.340313125 0.24660416666666668 0.336198125 0.2438263888888889 0.3740525 0.45500277777777776 0.38155
1 0.2438263888888889 0.41528937499999996 0.4188805555555556 0.427785625 0.4272166666666667 0.3902975 0.2452152777777778 0.38279937500000005 0.23549027777777778 0.38529874999999997 0.2438263888888889 0.41528937499999996
3 0.4313847222222222 0.4683975 0.42582638888888896 0.434033125 0.23271111111111112 0.428414375 0.2604972222222222 0.46339875 0.4313847222222222 0.4683975
4 0.24938333333333335 0.47277125 0.24269803134411463 0.47277125 0.23826805555555555 0.50276125 0.41749166666666665 0.510259375 0.4355527777777778 0.47901875 0.24938333333333335 0.47277125
6 0.5258583333333333 0.32406812500000004 0.6606222222222223 0.332190625 0.6675694444444444 0.29470250000000003 0.536625 0.2939975 0.5328041666666667 0.308448125 0.5258583333333333 0.32406812500000004
6 0.6550652777777778 0.38155 0.6550652777777778 0.34343687500000003 0.5244694444444444 0.34245062500000006 0.5161333333333333 0.37905062500000003 0.6550652777777778 0.38155
6 0.6495083333333334 0.43028437500000005 0.6495083333333334 0.387798125 0.5157861111111111 0.39012125 0.5203013888888889 0.42528625 0.6495083333333334 0.43028437500000005
6 0.6508972222222222 0.47714500000000004 0.6453402777777778 0.44153125000000004 0.5147430555555556 0.4359075 0.510575 0.434666875 0.5064083333333333 0.473395625 0.6508972222222222 0.47714500000000004
6 0.6383930555555556 0.528378125 0.6356138888888889 0.491515 0.5036291666666667 0.483119375 0.4952930555555556 0.517756875 0.6383930555555556 0.528378125