5 0.436566463135586 0.48030698187101256 0.4589642915879187 0.5056501702789509 0.7583851589582815 0.5547398634020076 0.7756628557430658 0.3025072435231996 0.32459970157141366 0.24261855300906177 0.31756547337153157 0.4589095063473317 0.436566463135586 0.48030698187101256
0 0.553295430218451 0.3331686995426976 0.39779154999157507 0.3062655476957916 0.39178979699586036 0.34897023924272885 0.5642221289475485 0.3662444177035472 0.553295430218451 0.3331686995426976
2 0.5544864956342648 0.32156024109038855 0.5568830002727989 0.32136373266591994 0.5624856327060104 0.3152199273037396 0.5546751241138148 0.29492982774879295 0.398649564852887 0.2613099555522876 0.39790612156508337 0.2595941652916658 0.39363322601557843 0.30401870473198334 0.5544864956342648 0.32156024109038855
1 0.5624072155179709 0.4085081381961382 0.5599923121390596 0.3751145646420747 0.3950940809868412 0.35089698262636854 0.39370992822006057 0.3519836713738026 0.39035261770849644 0.3898934847568865 0.5624072155179709 0.4085081381961382
4 0.5520887097909765 0.45663986945681634 0.38882949767321506 0.4284044181751666 0.38237082401129824 0.46735460507496035 0.552180609325298 0.4897069661115443 0.5520887097909765 0.45663986945681634
3 0.5685479344812985 0.44628793144726653 0.556816293329523 0.418939676229001 0.389125573506685 0.39303579394733956 0.3932498781506292 0.4006242616600785 0.38732448982462997 0.4243233700864481 0.5685479344812985 0.44628793144726653
6 0.7436948213405175 0.3156302401448252 0.6341922170058623 0.30237328233425986 0.6185319197300213 0.3294946080782021 0.7432723892836035 0.3523569962310962 0.7436948213405175 0.3156302401448252
6 0.7357177181984896 0.3976785302833709 0.6249795104446244 0.3847806037814122 0.6127321942170119 0.4129155390596651 0.7402365853956626 0.4329671110866129 0.7357177181984896 0.3976785302833709
6 0.7303539868874888 0.43584346165267096 0.6091601117913056 0.4214767180772852 0.6082367363218745 0.45333512790429337 0.7232549971338903 0.46949989028483147 0.7303539868874888 0.43584346165267096
6 0.603061003164747 0.45931550569664886 0.5837913380969814 0.467120898197974 0.5946484659961273 0.4652422122632501 0.5953632617567132 0.4956155820017813 0.7153302868078066 0.5101393592933098 0.7145855563298052 0.4784939923071498 0.603061003164747 0.45931550569664886
6 0.6134781267146878 0.331018530952572 0.613573535409746 0.3313114848693313 0.6296643535308737 0.3439016517703484 0.6196434781441388 0.34132506530609064 0.6138266527450249 0.3320886856760755 0.6278633568320069 0.3751886089919141 0.7392282794882097 0.39551290527041394 0.7394494973140591 0.35699445896964443 0.6134781267146878 0.331018530952572