5 0.63778405518596 0.34862639941736023 0.2820882554587283 0.3046029452658202 0.20866086057803288 0.5135766591993741 0.5522044087463187 0.5704335599791818 0.63778405518596 0.34862639941736023
2 0.46789436828466635 0.3323896267482893 0.29568131397046105 0.3094831038534087 0.2806466542765956 0.3444263414896895 0.45277462279694347 0.36830539945858226 0.46789436828466635 0.3323896267482893
1 0.4415432485608557 0.3722226771191159 0.2832077515057766 0.35249024139464397 0.27253801281556017 0.3873253705777294 0.4339876647598934 0.4088002282260775 0.4415432485608557 0.3722226771191159
0 0.41502195724933033 0.41400079763796654 0.2720274980524158 0.39316058102180185 0.26148677165673273 0.4265370286435119 0.4021059437118963 0.4496193823531587 0.41502195724933033 0.41400079763796654
4 0.41992299300538444 0.45754803644043246 0.24222326386766882 0.4351414708144432 0.22960505060873573 0.46735618277059315 0.41115918598695606 0.4954898503874596 0.41992299300538444 0.45754803644043246
3 0.4018762863195849 0.5020275452749287 0.22896690715480522 0.4746501958256837 0.21821208267073133 0.5104578600827812 0.3859737465836829 0.5344449054552266 0.4018762863195849 0.5020275452749287
6 0.5555065191955855 0.5257582297486443 0.4417731980128902 0.5064980518741894 0.4278616757426335 0.541049561744417 0.5392636362842538 0.5620657302249905 0.5555065191955855 0.5257582297486443
6 0.5671122016182333 0.48022521475142604 0.458569138584295 0.46386907341676475 0.44686134826432705 0.4981233952918915 0.5563148342372308 0.5165191465455296 0.5671122016182333 0.48022521475142604
6 0.5925515147993312 0.43835243341197994 0.4729897920139487 0.42348223205282215 0.46253415141212306 0.4558861446005202 0.5775593980023945 0.4728094035112547 0.5925515147993312 0.43835243341197994
6 0.608394489534842 0.39417011257258455 0.4909088700089622 0.3804615258293442 0.47691226194484815 0.41598557077358367 0.5928918579747608 0.43446229311593176 0.608394489534842 0.39417011257258455
6 0.6285172994801445 0.3508522183540058 0.5088704909009043 0.33695455206886016 0.49483133993986167 0.3729648645501057 0.613184839507778 0.38919932874932883 0.6285172994801445 0.3508522183540058