5 0.3662109375 0.4091796875 0.322265625 0.341796875
2 0.30078125 0.2890625 0.103515625 0.052734375
1 0.2919921875 0.3447265625 0.1015625 0.052734375
0 0.2802734375 0.3984375 0.103515625 0.052734375
3 0.2724609375 0.451171875 0.10546875 0.0546875
4 0.265625 0.505859375 0.10546875 0.056640625
6 0.4404296875 0.3076171875 0.154296875 0.072265625
6 0.4287109375 0.3662109375 0.1484375 0.072265625
6 0.421875 0.421875 0.150390625 0.072265625
6 0.4140625 0.4775390625 0.1484375 0.07421875
6 0.47597484224967873 0.5165119065209895 0.3415047377859594 0.49558916597355934 0.3307602479209143 0.5439887861717493 0.46504679148067096 0.5726843972983449 0.47597484224967873 0.5165119065209895