5 0.5139776698913392 0.09742560802795003 0.19099782649309038 0.2561131758832155 0.28452458971898464 0.733916717443812 0.6413256921510733 0.7646966497779835 0.5139776698913392 0.09742560802795003
2 0.34658111049598 0.18603252269157594 0.20285392325281484 0.24945394394441978 0.2215207278963745 0.3379478686491752 0.38422088841006 0.2765323158457033 0.34658111049598 0.18603252269157594
1 0.38567381514127697 0.3090370665262475 0.22514120586447162 0.3526255880597315 0.2437255271755214 0.429449293453545 0.393005827234688 0.3944510153453494 0.38567381514127697 0.3090370665262475
0 0.3965476956709336 0.4196527187772794 0.2452568894722136 0.4514288222776297 0.257331634694697 0.5373450988391912 0.408622440893417 0.5055689953388409 0.3965476956709336 0.4196527187772794
4 0.4122388579070927 0.5373846905271952 0.2618978349112571 0.5540755512078219 0.2674096324776273 0.6269810939792562 0.43406328371153957 0.6168746584145317 0.4122388579070927 0.5373846905271952
3 0.4332756340966766 0.6533820656313599 0.27896035389540774 0.6502133893628669 0.295652705487987 0.7268738170418253 0.44434654406113744 0.7237309230052278 0.4332756340966766 0.6533820656313599
6 0.5070960394085835 0.11748102380964315 0.35731299671779243 0.18025394609674328 0.3751656123975807 0.2567513092924102 0.5322828826733679 0.21247706264889465 0.5070960394085835 0.11748102380964315
6 0.5406614466250588 0.26367487046842764 0.38690423371202254 0.30658887472395063 0.39858689643839107 0.38129057917748066 0.5538122116001796 0.34882266521209526 0.5406614466250588 0.26367487046842764
6 0.575096769835678 0.48342663380939666 0.564939080152714 0.3943073835639736 0.41111879976944776 0.4283538670119667 0.40836804808782956 0.41720002422217084 0.41638582664450435 0.4995177758175016 0.575096769835678 0.48342663380939666
6 0.5968012573752427 0.578912716971234 0.5749839404529526 0.5331544089134169 0.42958945186990966 0.5429358530943994 0.4449991540296233 0.6188885282736998 0.6001676853799481 0.6112848693078882 0.5968012573752427 0.578912716971234
6 0.6199873266876711 0.7523089449773751 0.6095849532965817 0.6614486796835958 0.4485502966100131 0.6609997532959605 0.4589494846801254 0.7349938212274165 0.4639592605295243 0.7369531633703881 0.6199873266876711 0.7523089449773751