5 0.6252625 0.561420625 0.6175833333333334 0.32216125 0.37625416666666667 0.32627249999999997 0.3718666666666667 0.55895375 0.6252625 0.561420625
2 0.42578125 0.359375 0.09375 0.0400390625
1 0.4267578125 0.404296875 0.0947265625 0.0341796875
4 0.42578125 0.4462890625 0.08984375 0.0341796875
0 0.4267578125 0.4912109375 0.0869140625 0.0400390625
3 0.4267578125 0.53515625 0.0966796875 0.0390625
6 0.533203125 0.3564453125 0.11328125 0.0380859375
6 0.5380859375 0.400390625 0.1220703125 0.03515625
6 0.53125 0.443359375 0.109375 0.037109375
6 0.53515625 0.4873046875 0.1162109375 0.0400390625
6 0.533203125 0.5302734375 0.11328125 0.037109375