5 0.7929429000607129 0.1308605650047045 0.5302291716168852 0.12915157203283434 0.4858861112304966 0.6008932688387609 0.7578634841131208 0.6223350790382681 0.7929429000607129 0.1308605650047045
0 0.6932681254854023 0.13484501775905255 0.5335230007213007 0.13270493962633179 0.5331536024557719 0.18003150287639297 0.6917058931398857 0.17958149889202862 0.6932681254854023 0.13484501775905255
2 0.6937559000293437 0.23489486350791433 0.5321575108373734 0.22698972045762322 0.5330783761109106 0.2713226145934733 0.6963266292217885 0.27529669236540816 0.6937559000293437 0.23489486350791433
1 0.7122418987043482 0.332587652365116 0.5229235887638166 0.3222861382275485 0.5226218798478378 0.36626552479224206 0.7071203692605601 0.36525506366950355 0.7122418987043482 0.332587652365116
4 0.6778350559101378 0.46277242591504786 0.6752651377311969 0.4223712507597347 0.5201490630532908 0.4154441830405168 0.5198124153718772 0.41326485661909695 0.5190344429381317 0.4590868693047696 0.6778350559101378 0.46277242591504786
3 0.7017046435500806 0.5203411568255937 0.5160861736393219 0.5101088073762041 0.5166812318876088 0.5519519393149915 0.7044307806011362 0.5562688087914625 0.7017046435500806 0.5203411568255937
6 0.7333554776937682 0.18402150316146343 0.5963412368721991 0.18755380189666537 0.5947313230893128 0.23365570074705627 0.7398508838654168 0.2260531691229784 0.7333554776937682 0.18402150316146343
6 0.7278264671529555 0.28535464789016496 0.6940791584353477 0.2711257159199532 0.5981513680184355 0.2733517403485568 0.5993299486358977 0.32202877495320115 0.7305013495308719 0.32277391974827374 0.7278264671529555 0.28535464789016496
6 0.7225578286697291 0.3792317124300372 0.5898713712063768 0.36296486251987886 0.5893327641069867 0.41375200355728714 0.7172271600293085 0.41786420865028107 0.7225578286697291 0.3792317124300372
6 0.7093877923536374 0.47133944433265956 0.5762764796002201 0.46370490075448667 0.5943045040038407 0.5130979086185498 0.719702889493329 0.5179834753146668 0.7093877923536374 0.47133944433265956
6 0.7105095740308985 0.6102307027505179 0.7099796982708648 0.5684073577014029 0.5827567926041501 0.5587483333079224 0.5831440287052124 0.5593834845699422 0.584767292758568 0.6071461063671155 0.7105095740308985 0.6102307027505179