5 0.6615940398191503 0.40945390567681117 0.5512098439526519 0.3905866334223251 0.5258953400066944 0.5484861623673323 0.6448274129898606 0.5689777039986206 0.6615940398191503 0.40945390567681117
3 0.5790441076195832 0.5497128161080156 0.5813098273911992 0.5281559324497237 0.53665720790926 0.5198297259238672 0.5354725210422996 0.5218852779553147 0.5363830568071416 0.5408700805948358 0.5790441076195832 0.5497128161080156
0 0.5836749271368085 0.4964375209144645 0.5455775913429246 0.49025389037423484 0.5373369042416579 0.5133628472992351 0.5798469114246778 0.523642666951222 0.5836749271368085 0.4964375209144645
4 0.5887639149685667 0.4664589894600935 0.5489762036654934 0.4579182540987046 0.5411649199537886 0.48615770126247776 0.5868520114415123 0.49386552700274655 0.5887639149685667 0.4664589894600935
1 0.5949611737540388 0.4351439825128104 0.5503832473185645 0.4260991468104977 0.5473622440695503 0.45484207273900995 0.5920912141344463 0.4624498243025155 0.5949611737540388 0.4351439825128104
2 0.5981332859627644 0.4049633508693063 0.5534042505675788 0.3973562208819854 0.5514923470405242 0.42476275842463834 0.596296904250421 0.43165134634255575 0.5981332859627644 0.4049633508693063
6 0.6392301200640538 0.5669364453421264 0.6403350111279918 0.5379921279077186 0.587058992714674 0.5287601940744634 0.5808100049434838 0.5513513788597711 0.5853736546317522 0.5540111054089056 0.6392301200640538 0.5669364453421264
6 0.6554680941903674 0.41244244150614195 0.6030746100548768 0.40402974549523835 0.5975570476018026 0.4288778738178893 0.6561282063517943 0.4430258561614375 0.6554680941903674 0.41244244150614195
6 0.6530274726300471 0.4448793951108047 0.5976842984022315 0.43688315391046106 0.5969570164118478 0.4622347609978512 0.6523001906396636 0.4702310021981947 0.6530274726300471 0.4448793951108047
6 0.6479393135665349 0.47485801367222846 0.5904534617095104 0.4688160071741999 0.5861960426078178 0.49089066297218437 0.6447672666880988 0.5050380237395479 0.6479393135665349 0.47485801367222846
6 0.6444651140989658 0.5079128135933468 0.5891219398711502 0.49991657239300324 0.5826463866558274 0.5246633833865216 0.6430064067904664 0.5310074771433937 0.6444651140989658 0.5079128135933468