5 0.3689741666666667 0.634684375 0.6441158333333333 0.6300631250000001 0.60558 0.33892062500000003 0.3682033333333333 0.35047375000000003 0.3520191666666667 0.349318125 0.3689741666666667 0.634684375
0 0.36280833333333334 0.3584528597935814 0.36280833333333334 0.39437625 0.4529808333333334 0.39437625 0.4506691666666667 0.3545175 0.36280833333333334 0.3584528597935814
3 0.423828125 0.59765625 0.1025390625 0.037109375
4 0.4208984375 0.54296875 0.09765625 0.03515625
1 0.4140625 0.4853515625 0.1025390625 0.0400390625
1 0.4091796875 0.4296875 0.09375 0.0380859375
6 0.5946675 0.38849 0.5884133333333333 0.345365 0.4774066666666667 0.35145875 0.4817841666666667 0.39364625 0.5946675 0.38849
6 0.6112400000000001 0.614789375 0.6074875000000001 0.5674456250000001 0.4975758333333334 0.5717037500000001 0.4961683333333334 0.615258125 0.6112400000000001 0.614789375
6 0.6078 0.558268125 0.59967 0.51326875 0.49429249999999997 0.51701875 0.4955433333333334 0.55897125 0.6078 0.558268125
6 0.6012341666666667 0.49895312500000005 0.595605 0.45653187500000003 0.4874125 0.46118562500000004 0.49054000000000003 0.507859375 0.6012341666666667 0.49895312500000005
6 0.5952925 0.44684875 0.5924783333333334 0.40091125 0.48272250000000005 0.406659375 0.48303500000000005 0.450364375 0.5952925 0.44684875