5 0.5053852543388634 0.2738199223607389 0.2545234793326613 0.2602624126153722 0.18913634618735223 0.8057963447730098 0.45824818684096713 0.8370656010880906 0.5053852543388634 0.2738199223607389
0 0.48460835342408626 0.2788689341436894 0.272551311812042 0.2682810300052984 0.2711003726086758 0.2970986069017025 0.47797498574746006 0.30575560997576523 0.48460835342408626 0.2788689341436894
2 0.4706353135768542 0.4141239145122587 0.4730946307478362 0.3860137906188549 0.2620887078357375 0.3725797922637196 0.26088980641565035 0.3648728488735813 0.25677209285317254 0.3997052643466904 0.4706353135768542 0.4141239145122587
1 0.4698349360892013 0.484438600627095 0.25341965293866325 0.4716675431527877 0.2502513990628791 0.4987036672476405 0.46465430450773143 0.5191780228232847 0.4698349360892013 0.484438600627095
4 0.45468684762847783 0.5964157144510083 0.23884837889204805 0.5801077205544732 0.2326809536291119 0.6139019161417978 0.4566439144243432 0.6352126681832807 0.45468684762847783 0.5964157144510083
3 0.4280230106382514 0.7176857771345666 0.22578553815090832 0.6957818941206922 0.225359284586993 0.7342887739781327 0.42200462169541386 0.7497764797881542 0.4280230106382514 0.7176857771345666
6 0.3238403789518296 0.7463384445384795 0.21541793610191262 0.7378195138983583 0.21732868743346878 0.7893791217239137 0.3188471719774771 0.8034110614138419 0.3238403789518296 0.7463384445384795
6 0.3317770812000765 0.63115499090197 0.22520558048481384 0.625946226680969 0.220495084950999 0.6797874370043961 0.3298212099325562 0.6902104995286005 0.3317770812000765 0.63115499090197
6 0.3458629730220373 0.519085574301128 0.2352728313849174 0.5108770223477641 0.22964296568576778 0.5629934158327649 0.3419319082141081 0.5762511165751054 0.3458629730220373 0.519085574301128
6 0.3572284352307574 0.4136442786380038 0.24953220363131087 0.40905798133595495 0.24503338760769441 0.46047968378639187 0.35117308608998155 0.4706239701147513 0.3572284352307574 0.4136442786380038
6 0.3682212521668921 0.31246233793090805 0.2584809195179267 0.30677369070938487 0.25269074172446043 0.3607224598171883 0.3636752086251743 0.36442385338337346 0.3682212521668921 0.31246233793090805
0 0.8279994467130581 0.5621253159825569 0.6090498999623153 0.5446862446799268 0.6119576305666163 0.6093168591008421 0.8315221560511479 0.6319599572249842 0.8279994467130581 0.5621253159825569
2 0.8219829055350775 0.7409940895528121 0.5919208829580317 0.7160052731061717 0.5894872752996014 0.7927545995816392 0.8296796653788114 0.8120521788565678 0.8219829055350775 0.7409940895528121
6 0.8169690718148127 0.6392700143333612 0.5982618585252728 0.6312943248082713 0.6045984035623866 0.7056664745808858 0.8228027142402976 0.7316236331738866 0.8169690718148127 0.6392700143333612
6 0.8145315769180882 0.924029292680481 0.8138408300235658 0.8218251725886212 0.5886333056235556 0.7994594351437987 0.5819220227955947 0.8058262359032176 0.5791839552573047 0.8982888206433784 0.8145315769180882 0.924029292680481