5 0.6831123723168261 0.22461020565406814 0.22751301791272618 0.13221371019286698 0.06560922666076012 0.5720122773864138 0.5580705128530534 0.7157789515712629 0.6831123723168261 0.22461020565406814
0 0.3516656070213994 0.1857191953631503 0.25446682999452014 0.16232025185346083 0.2359041365788219 0.2340115456305477 0.33088340178810227 0.25625783997243323 0.3516656070213994 0.1857191953631503
2 0.3412111326973527 0.2668975707740907 0.2228959491120177 0.23840445073447256 0.20284731664860003 0.30620792694584975 0.31409295629282047 0.33193102306997035 0.3412111326973527 0.2668975707740907
1 0.2944452919439276 0.3801403631838769 0.3249554976027271 0.3543601891624285 0.1973835370663304 0.31794774009071597 0.1759865159136509 0.38478779553041775 0.3194874696966783 0.4192214762168963 0.2944452919439276 0.3801403631838769
4 0.2814909412445286 0.4240076857972924 0.17147228643455692 0.3924288130621441 0.14946217552185329 0.4688237212256135 0.2605696071088864 0.49542475572449224 0.2814909412445286 0.4240076857972924
3 0.23923088626620856 0.5694771016054425 0.2635284389184072 0.49949523332964846 0.14377379333855453 0.47250480748205403 0.1436618378248916 0.47510809456506486 0.10820178084937156 0.5397207839467023 0.23923088626620856 0.5694771016054425
6 0.513671875 0.25390625 0.2109375 0.11328125
6 0.5423426846787371 0.5616623966517493 0.33122828890059003 0.5123300915478067 0.2996039127861148 0.5925449016088046 0.5181042554101575 0.6388566857308458 0.5423426846787371 0.5616623966517493
6 0.5630074662184135 0.4766990407979153 0.3607744188744687 0.4338635715149503 0.3359995330579984 0.49926816457913786 0.5391856005832523 0.5512579235612073 0.5630074662184135 0.4766990407979153
6 0.5762234409111748 0.39325666056358655 0.3761974883991663 0.3516522382104601 0.35348552529346533 0.41920347219722964 0.5594329954158931 0.46892984366112367 0.5762234409111748 0.39325666056358655
6 0.6106722751669248 0.3122767737363835 0.40250391029939186 0.2803654354114212 0.38165751176159923 0.33993081385992585 0.5982909761166938 0.39044921936842436 0.6106722751669248 0.3122767737363835