5 0.9142680756395996 0.776432770481551 0.8673826473859845 0.19160162601626016 0.13596774193548386 0.19028455284552845 0.0750166852057842 0.754040650406504 0.9142680756395996 0.776432770481551
3 0.09611568409343715 0.7395515947467166 0.3610189098998887 0.7474546591619763 0.3633626251390434 0.6578855534709194 0.10314794215795328 0.6578855534709194 0.09377085650723026 0.6605203252032521 0.09611568409343715 0.7395515947467166
4 0.3774282536151279 0.6117842401500938 0.3844616240266963 0.51694684177611 0.10842269187986651 0.5275353345841151 0.09611568409343715 0.6091500938086304 0.3774282536151279 0.6117842401500938
1 0.10080422691879867 0.4958717948717949 0.3774282536151279 0.5011407129455909 0.38211679644048946 0.4181582238899312 0.12949725583577174 0.4171980340495642 0.12424694104560623 0.40893746091307065 0.10314794215795328 0.4128893058161351 0.10080422691879867 0.4958717948717949
2 0.3839944382647386 0.38649781113195747 0.38545828698553947 0.3050494058786742 0.12628921023359288 0.3078874296435272 0.11896885428253616 0.3823846153846154 0.3839944382647386 0.38649781113195747
1 0.37520912124582867 0.2754321450906817 0.37520912124582867 0.20303377110694185 0.13910122358175753 0.19675171982489056 0.13653948832035595 0.273786741713571 0.37520912124582867 0.2754321450906817
6 0.859868743047831 0.28859537210756725 0.8569399332591768 0.19645215759849907 0.5143103448275862 0.19572232645403376 0.5025962180200223 0.28365916197623514 0.859868743047831 0.28859537210756725
6 0.8935461624026696 0.7618480300187617 0.8935461624026696 0.6902720450281425 0.8862246941045606 0.6417323327079425 0.49783759733036703 0.6361494684177611 0.4952758620689655 0.7314077548467792 0.8935461624026696 0.7618480300187617
6 0.5055250278086763 0.3906116322701688 0.8686540600667407 0.3947254534083803 0.8657252502780868 0.3009362101313321 0.5069888765294772 0.2965678549093183 0.5084538375973304 0.3017585991244528 0.5055250278086763 0.3906116322701688
6 0.8774393770856507 0.5074365228267667 0.8686540600667407 0.40542026266416514 0.5069888765294772 0.4087329580988117 0.5084538375973304 0.5041457160725453 0.8774393770856507 0.5074365228267667
6 0.8891535038932147 0.6260362726704191 0.8803670745272526 0.5207292057535959 0.5084538375973304 0.5281338336460287 0.5069888765294772 0.5198686679174483 0.4938109010011123 0.625213258286429 0.8891535038932147 0.6260362726704191