5 0.47666827133178 0.19050097779179065 0.17205040173978192 0.22250036234318366 0.18594153476486724 0.5844255988329594 0.4743806722412813 0.5864017246368646 0.47666827133178 0.19050097779179065
2 0.2926341406294075 0.29252496890216956 0.19104818023325665 0.29847181811557255 0.1860670683817069 0.33756527769286915 0.2947982763693811 0.33574481434818526 0.2926341406294075 0.29252496890216956
1 0.28995423760789063 0.3522750995663702 0.18284356854304015 0.3588825695767603 0.19301233427866743 0.40011164809820454 0.2956118027667609 0.3964064914777553 0.28995423760789063 0.3522750995663702
0 0.291580102212536 0.4123016059072264 0.19316716863805755 0.4145780309753093 0.19524936720590144 0.4566261202686796 0.29195857540055264 0.4544895839073878 0.291580102212536 0.4123016059072264
3 0.29560412777712736 0.4698478525149241 0.18874040549552318 0.4738511948084716 0.1915572233907371 0.51413356743386 0.29606309403385683 0.5131869350267264 0.29560412777712736 0.4698478525149241
4 0.2945610421938094 0.5284630380971154 0.19370551099773323 0.5295451045809554 0.1970946666196576 0.5688183982093503 0.29656419179635746 0.5693806745198492 0.2945610421938094 0.5284630380971154
6 0.4591351595161033 0.27105165639173434 0.31506099689526984 0.2822830364025596 0.31408753065529227 0.34191293909490694 0.46352134110279736 0.33377697540438134 0.4591351595161033 0.27105165639173434
6 0.4703130714418784 0.5167065111700017 0.32358517482022164 0.5175693963393807 0.323608052726527 0.5761181630845282 0.4659681826843687 0.5771505332583744 0.4703130714418784 0.5167065111700017
6 0.4591424682003632 0.4550339717022167 0.32067439143537896 0.46063284766317714 0.3244192027436785 0.5141861443775306 0.46316649376495456 0.5125802183099143 0.4591424682003632 0.4550339717022167
6 0.46624761115281643 0.3972878643881997 0.3164967886117614 0.4008903439295249 0.3255133457996203 0.45628200055520973 0.4658061502521151 0.4522545353898933 0.46624761115281643 0.3972878643881997
6 0.460035520479809 0.33295512567387797 0.3167861907001522 0.34373001648555 0.3197439042174284 0.3982794387574782 0.46235304647575587 0.390620702355994 0.460035520479809 0.33295512567387797