5 0.4689475615045605 0.03613371071493898 0.09569788634026205 0.059058950343895744 0.022612396436772333 0.6396744988344416 0.41861109326904417 0.6816452214789583 0.4689475615045605 0.03613371071493898
5 0.9123775902850632 0.6300960213334583 0.6100023784031166 0.6132830366074429 0.591749577136517 0.8971939739018108 0.9063147727999794 0.9628996670435428 0.9123775902850632 0.6300960213334583
0 0.666015625 0.6796875 0.11328125 0.044921875
3 0.7127402886666685 0.8983622004919648 0.7190486612720389 0.8574167916841664 0.6013821103913795 0.838899633127036 0.602528451051625 0.8409984183623862 0.6000420351545598 0.8772743670267684 0.7127402886666685 0.8983622004919648
3 0.15389935147885545 0.5550097720250062 0.0406985670264161 0.548312541849618 0.02827213512083605 0.6247216620017967 0.14629764913726626 0.6329594612837689 0.15389935147885545 0.5550097720250062
4 0.7170453827734574 0.8100061219738166 0.6078351612355621 0.793843019081806 0.6053487453384968 0.8301189677461884 0.7169713098462022 0.847052979810758 0.7170453827734574 0.8100061219738166
4 0.17117668631645763 0.444466027052554 0.05639881416572201 0.4480049929242987 0.04769862709874051 0.522485482276161 0.15977697704617533 0.5263993444996908 0.17117668631645763 0.444466027052554
1 0.7210849584013924 0.7641791845980765 0.6081963915841229 0.7485730485962985 0.6021501379983786 0.7819805133140869 0.7186703264066071 0.798399511255134 0.7210849584013924 0.7641791845980765
1 0.18565767664680025 0.34411590074125753 0.06347521437809175 0.3501404643035511 0.06106284959609627 0.3493701797502592 0.05494365532953442 0.4198239164629405 0.17937096479606635 0.4193667134236304 0.18565767664680025 0.34411590074125753
2 0.7216376343015518 0.7134269308071021 0.6086282954007112 0.7012474173262473 0.6073360760987447 0.7382517365544301 0.7227817077490074 0.7505163272528018 0.7216376343015518 0.7134269308071021
2 0.2015733191173169 0.23764023655542965 0.0743746817330189 0.24760651431660602 0.06701228087788161 0.31870350559835203 0.19280243677012224 0.3141770113111024 0.2015733191173169 0.23764023655542965
0 0.20504313614040676 0.1382776774368567 0.08620400579491405 0.15333880142903422 0.07760066284407682 0.22507787559574838 0.20131235687622825 0.21018753065787177 0.20504313614040676 0.1382776774368567
6 0.3998641349034577 0.567029891505079 0.18067684281139101 0.556631530927172 0.17056708563028516 0.6365511403564756 0.3967054032690998 0.6574841306393104 0.3998641349034577 0.567029891505079
6 0.4138209553510185 0.4467643399897494 0.19300871962580218 0.4479725901305252 0.18552778936778397 0.5224956568683646 0.40848916042111705 0.5295955965936723 0.4138209553510185 0.4467643399897494
6 0.42517507589923736 0.3312108260038129 0.222277204905354 0.34333592870907614 0.2136020562400513 0.4171312495023821 0.4210853553114737 0.4133994138807194 0.42517507589923736 0.3312108260038129
6 0.4279771334228 0.2160447103151235 0.22959290660417564 0.23861870211131214 0.22473969283499268 0.30774518738046885 0.4216186376697863 0.2933511450048213 0.4279771334228 0.2160447103151235
6 0.4355321366080737 0.1044747857403428 0.24663093995532584 0.1349276551158763 0.24292411047075946 0.2061516763818495 0.43631500151915414 0.18683352805228332 0.4355321366080737 0.1044747857403428
6 0.8997897548544879 0.6764243091535489 0.77691558330664 0.6673311481007679 0.7755276739471524 0.7070756720527835 0.8958937470311127 0.7181400025146394 0.8997897548544879 0.6764243091535489
6 0.8978753647750576 0.7312452683504145 0.7702721973451108 0.7178700842286829 0.7700784845807223 0.758342978744499 0.8951735753589668 0.7736887076560385 0.8978753647750576 0.7312452683504145
6 0.8960567083775194 0.7833247735849134 0.7733979103486969 0.7680641218908908 0.7696454703298816 0.8056685712373315 0.8970583244546674 0.8245254528224815 0.8960567083775194 0.7833247735849134
6 0.8956476220941054 0.829965158741971 0.7716510378534386 0.8180880051180648 0.7654383771177746 0.8562925845827634 0.8952396462449437 0.8766055826762472 0.8956476220941054 0.829965158741971
6 0.8937810879495285 0.8834157032672867 0.7712658795374512 0.8640431829393476 0.7688056588206026 0.8646433130576053 0.7757772564999202 0.9094826832406222 0.8945434243524099 0.9314684558626043 0.8937810879495285 0.8834157032672867