5 0.7972225000000001 0.722916875 0.7638891666666667 0.23333312500000003 0.23611083333333338 0.20625000000000002 0.20555583333333335 0.702083125 0.7972225000000001 0.722916875
0 0.4555558333333334 0.291666875 0.46944416666666666 0.229166875 0.2555558333333333 0.21666687499999998 0.2555558333333333 0.272916875 0.4555558333333334 0.291666875
2 0.4488391666666667 0.38637125 0.45192333333333334 0.32159062499999996 0.2544958333333333 0.31465 0.2498691666666667 0.37480375000000005 0.4488391666666667 0.38637125
1 0.45346583333333335 0.478915625 0.45809333333333335 0.417605 0.2498691666666667 0.4095075 0.2544958333333333 0.473131875 0.45346583333333335 0.478915625
4 0.46117833333333336 0.5818706250000001 0.46117833333333336 0.513619375 0.2483266666666667 0.507835625 0.23907250000000002 0.57724375 0.46117833333333336 0.5818706250000001
3 0.45346583333333335 0.68019875 0.45500833333333335 0.609634375 0.2452416666666667 0.61079125 0.2452416666666667 0.6767287500000001 0.45346583333333335 0.68019875
6 0.5089925000000001 0.300768125 0.7449800000000001 0.315806875 0.7357258333333334 0.242928125 0.4997383333333334 0.230203125 0.4997383333333334 0.23830125 0.5089925000000001 0.300768125
6 0.7418950000000001 0.402566875 0.7372675000000001 0.334315625 0.5151616666666666 0.32159062499999996 0.5089925000000001 0.39562624999999996 0.7418950000000001 0.402566875
6 0.7403525000000001 0.5043650000000001 0.7357258333333334 0.417605 0.5136200000000001 0.417605 0.5151616666666666 0.48817 0.7403525000000001 0.5043650000000001
6 0.7372675000000001 0.58534125 0.7357258333333334 0.51477625 0.5228741666666666 0.5089925000000001 0.5182466666666666 0.5841843750000001 0.7372675000000001 0.58534125
6 0.7357258333333334 0.68482625 0.7403525000000001 0.60153625 0.5136200000000001 0.6026931249999999 0.5120775000000001 0.68019875 0.7357258333333334 0.68482625