5 0.41796875 0.40625 0.2744140625 0.205078125
2 0.361328125 0.359375 0.14453125 0.0283203125
1 0.359375 0.3916015625 0.1396484375 0.025390625
0 0.357421875 0.423828125 0.12890625 0.0283203125
4 0.3544921875 0.4560546875 0.14453125 0.0302734375
3 0.3525390625 0.486328125 0.134765625 0.0244140625
6 0.498046875 0.361328125 0.087890625 0.03125
6 0.4951171875 0.3935546875 0.087890625 0.02734375
6 0.4931640625 0.42578125 0.0888671875 0.0263671875
6 0.4912109375 0.458984375 0.087890625 0.025390625
6 0.4892578125 0.4892578125 0.08984375 0.0224609375