5 0.6196559282577209 0.22960294072085224 0.25807990357338123 0.19956502907623547 0.1528937753784932 0.6214435465127495 0.5083911878186785 0.7561835070813472 0.6196559282577209 0.22960294072085224
2 0.44241295206696196 0.21757675482123917 0.2648137559137366 0.2012439670316971 0.2475394416433874 0.25905336846214055 0.42790418252697004 0.28150701782275006 0.44241295206696196 0.21757675482123917
1 0.4206932367962635 0.31616386359576343 0.2420902921173854 0.2866440356085489 0.22093550809657353 0.35427838436586456 0.3993755004433353 0.39019054522125224 0.4206932367962635 0.31616386359576343
0 0.39308341434115746 0.4154267241920331 0.22911797536435535 0.3788341897217739 0.20762360351139975 0.4420952287579789 0.37715243642860485 0.4907964755412594 0.39308341434115746 0.4154267241920331
4 0.3577865125459503 0.5856818094565418 0.37700301606321485 0.5143473903017185 0.20880665483033506 0.4689065969967263 0.1943860048190348 0.5181365149690741 0.19296460502624596 0.5295762049183692 0.3577865125459503 0.5856818094565418
3 0.35528330079251647 0.6129344990762426 0.18571673281310963 0.5543434798473925 0.16727953110796084 0.6153805540198608 0.3354756106716844 0.6809047160652824 0.35528330079251647 0.6129344990762426
6 0.588598340399993 0.30918459544901195 0.6029328959040573 0.23911546052576976 0.4505971941662698 0.2244096689351218 0.4302926258897017 0.27754914379511253 0.4339255069147332 0.2839390755408286 0.588598340399993 0.30918459544901195
6 0.4866690073395706 0.7305771940726091 0.5109738104020738 0.6708285170445789 0.506420666392807 0.6681261138919609 0.35867863768985475 0.6140354843835816 0.3407694213149892 0.6785317938397433 0.35362654906410107 0.685654411748777 0.4866690073395706 0.7305771940726091
6 0.5098453545242484 0.625045569658466 0.5351341991691501 0.5655422417528897 0.3802208958895966 0.5223949116665494 0.3701427450268824 0.5565262581646505 0.3683788304664411 0.5803728750457401 0.5098453545242484 0.625045569658466
6 0.5378368490695631 0.5253541900517756 0.5581304915539878 0.44815296004219524 0.40129307884320325 0.41691838035352846 0.38547087335688934 0.46151149860032153 0.3864098271452804 0.4828983066820314 0.5378368490695631 0.5253541900517756
6 0.5847961812952763 0.3412027200482525 0.4243648562577259 0.3139005022302639 0.40834876810601256 0.3865217718968716 0.5637023578691092 0.417421176183409 0.5847961812952763 0.3412027200482525