5 0.26826805555555555 0.288985625 0.2667263888888889 0.420125 0.2813833333333334 0.42116625 0.2883263888888889 0.479103125 0.5606444444444445 0.46522625 0.5606444444444445 0.464185 0.5598736111111111 0.296618125 0.26826805555555555 0.288985625
2 0.4048138888888889 0.33408625000000003 0.4094416666666667 0.30772 0.2709680555555556 0.30254000000000003 0.2698111111111111 0.32922937500000005 0.4048138888888889 0.33408625000000003
0 0.40327083333333336 0.368085625 0.40558472222222225 0.34033125 0.2709680555555556 0.33682062500000004 0.27058333333333334 0.36461625 0.40327083333333336 0.368085625
2 0.4025 0.402431875 0.40018472222222223 0.37259562500000004 0.2738611111111111 0.36979999999999996 0.2744402777777778 0.397921875 0.4025 0.402431875
3 0.2829263888888889 0.42081874999999996 0.2914125 0.429839375 0.40558472222222225 0.43018625 0.40327083333333336 0.40590125 0.2738611111111111 0.404080625 0.27521111111111113 0.41943125000000003 0.2829263888888889 0.42081874999999996
4 0.40095694444444446 0.464185 0.40172777777777785 0.439553125 0.28678333333333333 0.437125 0.2873611111111111 0.43749375 0.2860111111111111 0.46210375 0.40095694444444446 0.464185
6 0.5313305555555555 0.46557312500000003 0.5375013888888889 0.44128812500000003 0.4406861111111111 0.438795625 0.4387569444444444 0.46279750000000003 0.5313305555555555 0.46557312500000003
6 0.5382722222222223 0.4322675 0.5421305555555556 0.4097175 0.45129305555555554 0.40842 0.45187222222222223 0.431226875 0.5382722222222223 0.4322675
6 0.5513875 0.40035 0.5513875 0.375718125 0.45322222222222225 0.37413937500000005 0.4526430555555556 0.39896250000000005 0.5513875 0.40035
6 0.542901388888889 0.36982 0.5459875 0.369473125 0.5467583333333333 0.3441475 0.45322222222222225 0.342028125 0.4557291666666667 0.36635125 0.542901388888889 0.36982
6 0.5475305555555555 0.336515 0.553701388888889 0.31153625 0.45727222222222225 0.307025625 0.45322222222222225 0.307313125 0.4588138888888889 0.33373937499999995 0.5475305555555555 0.336515