5 0.490234375 0.4619140625 0.265625 0.302734375
2 0.49714286919399187 0.37465553108499305 0.44225730968084714 0.3532652548667046 0.4267324842431866 0.3890254399954574 0.48044756234763303 0.4062713198485365 0.49714286919399187 0.37465553108499305
0 0.482999755385318 0.4107608597482246 0.42756901697381366 0.39156062129875496 0.40917809615337497 0.42703198084538674 0.47546811111981585 0.44686241043396213 0.482999755385318 0.4107608597482246
0 0.4702016530408393 0.4532557483725374 0.4112325075213432 0.4349923190013886 0.3975881351633427 0.4676264445750572 0.45877958879047276 0.4872864842303781 0.4702016530408393 0.4532557483725374
3 0.46062003396324497 0.49168552348135613 0.39478344398034815 0.471510810640343 0.3799294621443493 0.5089964148453916 0.44816420721274414 0.5298624542645398 0.46062003396324497 0.49168552348135613
4 0.43926669175459715 0.5331481754193406 0.38238851525222844 0.513859518599696 0.3689469640900481 0.5530448086441772 0.42512453772687986 0.5692530992493228 0.43926669175459715 0.5331481754193406
6 0.6000205675401471 0.400899713254656 0.5074863294151236 0.3729316334618799 0.5033370000611034 0.4087189820370203 0.5900264277422597 0.43803885318832686 0.6000205675401471 0.400899713254656
6 0.5911967579497732 0.44218385598836524 0.4962796979747437 0.4142001038820686 0.48293339638216465 0.449317606202991 0.5791278024571991 0.4788056862686121 0.5911967579497732 0.44218385598836524
6 0.5788307799057569 0.4858873094843416 0.5718720186123198 0.4814005570384223 0.4809683857851564 0.45719883323966776 0.4750593253214999 0.48973772116468645 0.5667624817917697 0.5225099478009972 0.5788307799057569 0.4858873094843416
6 0.5633512075106322 0.5244111599876949 0.46846171154828403 0.49263453673692126 0.45992800445759696 0.5327516972582038 0.5498994294069298 0.5606888580015413 0.5633512075106322 0.5244111599876949
6 0.5500287064198909 0.5601703562228125 0.4555818806206718 0.5369280811926287 0.4453981705921813 0.5704115199895434 0.5362354613019826 0.6007662136793672 0.5500287064198909 0.5601703562228125