5 0.759039354189762 0.3846920481329952 0.2911875989980607 0.36702171787210625 0.25185152893578605 0.5717576410624967 0.731066577850147 0.59035705464779 0.759039354189762 0.3846920481329952
0 0.4373027697062608 0.3776140174764935 0.30572384711224293 0.3723931034703117 0.29381342384036807 0.40288863253931645 0.4302793551127266 0.40746411330460647 0.4373027697062608 0.3776140174764935
2 0.43980103927301967 0.420788568985678 0.294050349197172 0.4125529893852967 0.2865603901168893 0.44589359951164015 0.4311656233393095 0.4498797909310567 0.43980103927301967 0.420788568985678
1 0.43105081922821425 0.45645691405075733 0.31085930400840794 0.4507040316849793 0.2893342862958056 0.44996013002746366 0.29249950851398315 0.47816279117397487 0.4240401557991333 0.4855764961565966 0.43105081922821425 0.45645691405075733
4 0.42064894476476483 0.4935585270652794 0.2988355021486214 0.4876154341933873 0.2836458468451813 0.5196777213970277 0.41682539738452223 0.5263886721524803 0.42064894476476483 0.4935585270652794
4 0.4231854678248834 0.534541537407643 0.2899931661210892 0.528561100374464 0.2846469191828595 0.5555162759037774 0.4226369386905596 0.5659667504664083 0.4231854678248834 0.534541537407643
6 0.5949088003204229 0.3818271386585016 0.46532091403539394 0.37896758267347974 0.4578929512363862 0.4086768467125236 0.591083864262826 0.41465725950624915 0.5949088003204229 0.3818271386585016
6 0.5844431482191993 0.4225825700940109 0.4483512200484555 0.4198182674340571 0.4571785915176461 0.4496024875897031 0.5920339210349371 0.45341849380690274 0.5844431482191993 0.4225825700940109
6 0.5805047967278614 0.46198983830091245 0.44566679211655275 0.4572608703965264 0.4451916176280356 0.4844835986115876 0.5816065333348273 0.49198175917078163 0.5805047967278614 0.46198983830091245
6 0.5749658063834464 0.4999076946633527 0.44497476057029833 0.49690733112871527 0.4368541654183867 0.4964249087263429 0.4347004522901515 0.5267006823964535 0.5744045260846694 0.5320634214443918 0.5749658063834464 0.4999076946633527
6 0.5661900731019807 0.5370376920777888 0.4341059162176936 0.5375238297290373 0.42747293180333323 0.5682439970194205 0.5671897676700585 0.5728755974402755 0.5661900731019807 0.5370376920777888