5 0.44921875 0.48046875 0.5537109375 0.5615234375
0 0.337890625 0.2705078125 0.1845703125 0.0810546875
2 0.3408203125 0.37109375 0.216796875 0.0712890625
1 0.3251953125 0.4677734375 0.2236328125 0.0625
4 0.322265625 0.5654296875 0.22265625 0.0556640625
3 0.314453125 0.66796875 0.2158203125 0.0693359375
6 0.5966796875 0.294921875 0.2451171875 0.091796875
6 0.59375 0.390625 0.23046875 0.0869140625
6 0.58984375 0.484375 0.22265625 0.0712890625
6 0.5849609375 0.5771484375 0.2177734375 0.0732421875
6 0.580078125 0.671875 0.23828125 0.0869140625