5 0.4691047987232384 0.7610589280703228 0.5209130233635775 0.3609895475782379 0.26230731746801983 0.3093922819379713 0.18002916945488967 0.7534682100395688 0.45341327956080407 0.7642670062235879 0.4691047987232384 0.7610589280703228
4 0.2987563373307374 0.6717300607713058 0.23227564773571233 0.6710351198247564 0.2166979366591527 0.7444968414443488 0.2903146908611191 0.747880590403309 0.2987563373307374 0.6717300607713058
3 0.3019849559745992 0.6620837366570054 0.31900623157907526 0.5886724254215387 0.2513077791870041 0.5814291210802202 0.2484762731912459 0.579703626821577 0.23442832641225278 0.6507791578423878 0.3019849559745992 0.6620837366570054
1 0.3306776071268076 0.5028756104524537 0.25867459612355326 0.49466899235736733 0.25470657650166134 0.5669095174456678 0.32107493135447013 0.5708531419765148 0.3306776071268076 0.5028756104524537
2 0.34379252539027094 0.41712983048676133 0.2747061533425435 0.40821081765165845 0.27040270516561254 0.4072475426751093 0.25918517576031086 0.48004790455807794 0.33557670246370847 0.48678178248885434 0.34379252539027094 0.41712983048676133
0 0.34903393086928375 0.3498129953028386 0.3448439496810069 0.3456004508999437 0.3392387816180698 0.340524866446703 0.28493285392810713 0.322363553521229 0.27099837413776795 0.39018981511569406 0.3473320569125863 0.3985482889824248 0.34903393086928375 0.3498129953028386
6 0.5031754594685975 0.36576780130864306 0.3940257790450961 0.34487830708115597 0.38465003725006675 0.4063572997525254 0.4911100126953493 0.42146064986733744 0.5031754594685975 0.36576780130864306
6 0.3788192581506768 0.42834573042474444 0.3766074126047019 0.42966081207029927 0.36878868051405744 0.48794157031871555 0.47663659742718184 0.5047200043080449 0.48887113424915885 0.44415321283261333 0.3788192581506768 0.42834573042474444
6 0.36731178773414724 0.5716547733254298 0.4738852301680838 0.583508854013896 0.4804294659673551 0.5203043670838834 0.3680795445532481 0.5082485673044768 0.3680511887121773 0.5090605723514298 0.3587888920936164 0.5672909202157203 0.36731178773414724 0.5716547733254298
6 0.4537204252551437 0.664129849603537 0.46462484272567295 0.6002640029369006 0.35790957746201146 0.5924711967217333 0.35929754074203857 0.5941456559769838 0.3426733559734807 0.6561857734587737 0.4537204252551437 0.664129849603537
6 0.45592792824986117 0.6837244518492818 0.3434078063527732 0.6765425562093936 0.33224812087605066 0.7477183221564079 0.4479957291705628 0.7452544795240438 0.45592792824986117 0.6837244518492818