5 0.5159539867162455 0.31976758370097624 0.4117222998304192 0.3453866210352534 0.4376946233785103 0.4842522202512738 0.5492613360267953 0.4648624176064108 0.5159539867162455 0.31976758370097624
0 0.457107205927993 0.3373299998749058 0.4170704070484441 0.3466436237501018 0.41633093272241967 0.37434555969053535 0.4619822565042416 0.362409960895004 0.457107205927993 0.3373299998749058
3 0.4867267098981972 0.47395603719882456 0.48086851534881736 0.4490678167060848 0.43886425273348667 0.458763240092525 0.44060526493622193 0.4729695492145679 0.44556318327649624 0.48272272714583464 0.4867267098981972 0.47395603719882456
4 0.4346392303715738 0.43154652351215533 0.4384434711470275 0.45351077645342114 0.4743882045369223 0.44652382806522056 0.4682919403789869 0.4226382039139774 0.4364217166893383 0.4306496470537515 0.4346392303715738 0.43154652351215533
1 0.46737913005524917 0.39302199312705566 0.428633487101917 0.400553383182064 0.430995477849487 0.42516487655321883 0.47320313362790667 0.41550695799091697 0.46737913005524917 0.39302199312705566
2 0.46533882430210155 0.365077889936434 0.42159464307713534 0.37430800644694345 0.4235473652963245 0.39681836313602675 0.46428740861107554 0.38708280171552933 0.46533882430210155 0.365077889936434
6 0.5171075773139293 0.3422982958796078 0.5096975046299588 0.3241181845538136 0.4599532070705829 0.3348775233548458 0.4656504752539528 0.3592042589874819 0.5151233302507036 0.3470441018915716 0.5171075773139293 0.3422982958796078
6 0.5213650003490072 0.37417154258198176 0.5176025548197185 0.3498322700442308 0.46679803876850495 0.36261419365015213 0.4676814457315602 0.38460656852413266 0.46968506211289723 0.38494357729562495 0.5213650003490072 0.37417154258198176
6 0.5222496385538218 0.37872261161124093 0.4720475853351957 0.3921145373465441 0.47500258438419085 0.4147936256761202 0.5261481547479382 0.40376190703418796 0.5222496385538218 0.37872261161124093
6 0.5269648172481498 0.40796327137934396 0.4780270288907925 0.4203823398790575 0.47904650651867564 0.4430747376382342 0.5321948752411071 0.43238018677529033 0.5269648172481498 0.40796327137934396
6 0.5335467236363343 0.43684107604123923 0.4845989012364059 0.4467191234114676 0.48789495459793475 0.47114841670503266 0.5387775996519444 0.46125783242968943 0.5335467236363343 0.43684107604123923