5 0.7326083333333333 0.586310625 0.7569874999999999 0.38018875 0.28889861111111115 0.37068625 0.25314166666666665 0.5760775 0.7326083333333333 0.586310625
0 0.42867500000000003 0.40869500000000003 0.4351763888888889 0.37872687499999996 0.3035263888888889 0.375803125 0.29215 0.406501875 0.42867500000000003 0.40869500000000003
2 0.4303013888888889 0.45108875 0.4384277777777778 0.42185125 0.29255555555555557 0.416160625 0.2856486111111111 0.44962687500000004 0.4303013888888889 0.45108875
1 0.42380000000000007 0.486904375 0.4303013888888889 0.45766687500000003 0.3100277777777778 0.4540125 0.28849305555555554 0.45364437500000004 0.29215 0.48178750000000004 0.42380000000000007 0.486904375
4 0.4172986111111111 0.52783625 0.42054861111111114 0.494944375 0.29865 0.49112812499999997 0.28402222222222223 0.523450625 0.4172986111111111 0.52783625
4 0.42380000000000007 0.567306875 0.42380000000000007 0.535876875 0.29052361111111114 0.532221875 0.2856486111111111 0.5592662500000001 0.42380000000000007 0.567306875
6 0.5895805555555556 0.413080625 0.5928319444444444 0.38018875 0.4632138888888889 0.37959125 0.4563055555555556 0.409425625 0.5895805555555556 0.413080625
6 0.5912069444444444 0.45181937499999997 0.5830791666666667 0.421120625 0.4469597222222222 0.42073187500000003 0.4563055555555556 0.4503575 0.5912069444444444 0.45181937499999997
6 0.5814541666666667 0.49055875 0.5798291666666666 0.46059062500000003 0.44492916666666665 0.458215625 0.44492916666666665 0.4854425 0.5814541666666667 0.49055875
6 0.5749527777777778 0.53076 0.5749527777777778 0.498599375 0.44492916666666665 0.49786812500000005 0.4368013888888889 0.4975275 0.4351763888888889 0.52783625 0.5749527777777778 0.53076
6 0.5684513888888889 0.571691875 0.5668263888888889 0.535876875 0.4347708333333334 0.538668125 0.42867500000000003 0.569499375 0.5684513888888889 0.571691875