5 0.7222222222222222 0.675 0.675 0.165625 0.15833333333333333 0.1578125 0.18611111111111112 0.671875 0.7222222222222222 0.675
2 0.44166666666666665 0.240625 0.4361111111111111 0.18281250000000002 0.22777777777777777 0.1796875 0.21944444444444444 0.2328125 0.44166666666666665 0.240625
1 0.4527777777777778 0.31875000000000003 0.44166666666666665 0.259375 0.2222222222222222 0.2609375 0.21666666666666667 0.31875000000000003 0.4527777777777778 0.31875000000000003
0 0.4444444444444444 0.3984375 0.43333333333333335 0.3359375 0.21944444444444444 0.3390625 0.22777777777777777 0.3984375 0.4444444444444444 0.3984375
3 0.4444444444444444 0.4734375 0.4361111111111111 0.42031250000000003 0.23055555555555557 0.415625 0.24166666666666667 0.4765625 0.4444444444444444 0.4734375
4 0.4444444444444444 0.55625 0.4388888888888889 0.496875 0.23055555555555557 0.496875 0.23055555555555557 0.5593750000000001 0.4444444444444444 0.55625
6 0.5361328125 0.5283203125 0.1650390625 0.060546875
6 0.541015625 0.447265625 0.1748046875 0.0595703125
6 0.525390625 0.369140625 0.16015625 0.0537109375
6 0.53125 0.291015625 0.1708984375 0.0556640625
6 0.525390625 0.2138671875 0.162109375 0.05859375