5 0.5244140625 0.5771484375 0.4111328125 0.396484375
2 0.5126953125 0.4736328125 0.2509765625 0.0126953125
1 0.5146484375 0.53515625 0.2529296875 0.0146484375
0 0.439453125 0.59765625 0.107421875 0.0166015625
3 0.466796875 0.6591796875 0.15625 0.013671875
4 0.478515625 0.720703125 0.1923828125 0.0166015625
6 0.5283203125 0.5029296875 0.181640625 0.0439453125
6 0.5283203125 0.56640625 0.18359375 0.044921875
6 0.5244140625 0.6279296875 0.1796875 0.0458984375
6 0.5244140625 0.689453125 0.17578125 0.04296875
6 0.5234375 0.751953125 0.177734375 0.044921875