5 0.619140625 0.580078125 0.3828125 0.38671875
2 0.5205078125 0.58203125 0.08984375 0.037109375
1 0.5283203125 0.611328125 0.095703125 0.037109375
0 0.5283203125 0.642578125 0.07421875 0.029296875
3 0.529296875 0.6728515625 0.068359375 0.03125
4 0.5390625 0.7021484375 0.06640625 0.029296875
6 0.6171875 0.568359375 0.08984375 0.033203125
6 0.623046875 0.59765625 0.087890625 0.03515625
6 0.6279296875 0.6279296875 0.0859375 0.03125
6 0.634765625 0.6572265625 0.0859375 0.033203125
6 0.6357421875 0.6875 0.087890625 0.03515625