5 0.6798213643398247 0.27811479097692426 0.23576112623558282 0.2997378668415508 0.22241760054649387 0.522943984244609 0.6497926827583576 0.5280751827718934 0.6798213643398247 0.27811479097692426
0 0.4358972199616541 0.29590329785414093 0.2448415321504343 0.30708708195882234 0.2476858375374175 0.34142966283006987 0.42692402358417286 0.3370411716934797 0.4358972199616541 0.29590329785414093
2 0.45364478090001603 0.34252335344738216 0.23837870908707365 0.3496843230223008 0.23758588307080383 0.3876321975732063 0.4488652508899973 0.38406730426159696 0.45364478090001603 0.34252335344738216
1 0.4152123185647834 0.432130055986054 0.4215750284557047 0.3942570288121353 0.23943064460300323 0.39629439645689757 0.22984977955814967 0.3992993133247873 0.2397440543563996 0.4288125588691888 0.4152123185647834 0.432130055986054
3 0.42247560176156074 0.43800547717502913 0.22933091910619813 0.44250130020424855 0.25890989103691264 0.47598351763890545 0.42982481001855427 0.4720318563032938 0.42247560176156074 0.43800547717502913
4 0.24162561208118719 0.4862747106283491 0.23877126274821028 0.5164554573946661 0.418141675671038 0.5145634674061342 0.4345430266740753 0.4824204110761321 0.24830175209637448 0.4859248289559705 0.24162561208118719 0.4862747106283491
6 0.6516196309418679 0.3240142843224276 0.6565953553678522 0.2862139459766241 0.5257934688844492 0.2923630148693231 0.5227341591480911 0.30699380275613086 0.5166153324744562 0.3229559129184014 0.6516196309418679 0.3240142843224276
6 0.6466588853445525 0.3355359497289502 0.5161904127251553 0.3413859091691426 0.5097812219630957 0.3783720284875074 0.6486535721868344 0.37359684201574306 0.6466588853445525 0.3355359497289502
6 0.6434312449382221 0.38012723217887034 0.5100138673424435 0.38944565378772844 0.5163633509902366 0.42432614999717055 0.6456548034591489 0.4225552562498369 0.6434312449382221 0.38012723217887034
6 0.6420810760367431 0.43400485697170343 0.5113685084348044 0.4352237446332996 0.5071412357588149 0.43420295903991846 0.5050071855293481 0.47309669911839025 0.6494942845436028 0.4692789715637803 0.6420810760367431 0.43400485697170343
6 0.6349839641786482 0.48442914584278307 0.5027407293685267 0.4829525734020186 0.49622882929234025 0.5179788822584276 0.6396885889909653 0.5210963008660743 0.6349839641786482 0.48442914584278307