5 0.5849156034356207 0.30444488865666364 0.3479666801447452 0.35040004954078063 0.3840505111681676 0.5803082299008662 0.6340250607641057 0.5387359028398516 0.5849156034356207 0.30444488865666364
2 0.40234375 0.3740234375 0.099609375 0.056640625
1 0.4111328125 0.4189453125 0.099609375 0.05078125
4 0.41796875 0.4599609375 0.09375 0.048828125
0 0.4267578125 0.50390625 0.091796875 0.0546875
3 0.43359375 0.546875 0.1015625 0.0546875
6 0.5078125 0.3525390625 0.119140625 0.056640625
6 0.5205078125 0.3955078125 0.126953125 0.056640625
6 0.5205078125 0.4384765625 0.11328125 0.0546875
6 0.5322265625 0.4814453125 0.12109375 0.060546875
6 0.5380859375 0.5244140625 0.1171875 0.056640625