5 0.5107421875 0.4140625 0.5205078125 0.64453125
6 0.5380859375 0.615234375 0.283203125 0.060546875
6 0.5419921875 0.4853515625 0.26171875 0.0546875
6 0.5263671875 0.3720703125 0.2451171875 0.0458984375
6 0.5302734375 0.2705078125 0.2314453125 0.04296875
6 0.5263671875 0.177734375 0.224609375 0.0390625
0 0.4443359375 0.1357421875 0.2373046875 0.03515625
2 0.439453125 0.220703125 0.26171875 0.03515625
1 0.4794921875 0.3173828125 0.365234375 0.044921875
4 0.4306640625 0.427734375 0.279296875 0.052734375
3 0.4755859375 0.548828125 0.3916015625 0.0556640625