5 0.3173828125 0.3984375 0.30078125 0.26171875
1 0.2080078125 0.357421875 0.052734375 0.03515625
2 0.2138671875 0.3916015625 0.060546875 0.041015625
0 0.2177734375 0.423828125 0.05859375 0.037109375
3 0.224609375 0.455078125 0.056640625 0.03515625
4 0.2314453125 0.486328125 0.0546875 0.037109375
6 0.314453125 0.337890625 0.126953125 0.05078125
6 0.3232421875 0.373046875 0.125 0.046875
6 0.3251953125 0.408203125 0.119140625 0.046875
6 0.3251953125 0.439453125 0.107421875 0.04296875
6 0.328125 0.4716796875 0.111328125 0.048828125