5 0.3505859375 0.4365234375 0.296875 0.3203125
2 0.2646484375 0.330078125 0.1015625 0.044921875
1 0.2666015625 0.38671875 0.099609375 0.044921875
0 0.265625 0.4423828125 0.099609375 0.044921875
3 0.2666015625 0.4951171875 0.103515625 0.046875
4 0.2705078125 0.5498046875 0.103515625 0.048828125
6 0.404296875 0.322265625 0.150390625 0.060546875
6 0.4052734375 0.3818359375 0.14453125 0.060546875
6 0.4091796875 0.4384765625 0.146484375 0.060546875
6 0.412109375 0.494140625 0.14453125 0.0625
6 0.47956687236068773 0.5207927525056519 0.3435751153536745 0.5259125271729731 0.34226311493649136 0.5754730553450417 0.47955781719675894 0.5780183668033253 0.47956687236068773 0.5207927525056519