5 0.4013671875 0.423828125 0.30859375 0.25390625
2 0.3369140625 0.388671875 0.146484375 0.0546875
1 0.3408203125 0.4208984375 0.142578125 0.05078125
0 0.345703125 0.4521484375 0.1328125 0.052734375
4 0.3486328125 0.484375 0.1484375 0.056640625
3 0.3525390625 0.5146484375 0.13671875 0.048828125
6 0.4716796875 0.3642578125 0.091796875 0.046875
6 0.474609375 0.396484375 0.091796875 0.04296875
6 0.4794921875 0.4287109375 0.091796875 0.04296875
6 0.4833984375 0.4609375 0.091796875 0.041015625
6 0.4873046875 0.4912109375 0.091796875 0.0390625