5 0.4443359375 0.576171875 0.2724609375 0.3984375
0 0.361328125 0.4326171875 0.0673828125 0.052734375
2 0.36328125 0.501953125 0.0712890625 0.0498046875
1 0.36328125 0.5732421875 0.07421875 0.0546875
4 0.3623046875 0.6435546875 0.0732421875 0.0576171875
3 0.365234375 0.7119140625 0.076171875 0.0537109375
6 0.4892578125 0.427734375 0.15234375 0.0576171875
6 0.4892578125 0.4990234375 0.1435546875 0.056640625
6 0.4921875 0.5693359375 0.1416015625 0.056640625
6 0.490234375 0.638671875 0.1416015625 0.0556640625
6 0.4921875 0.7099609375 0.142578125 0.056640625