5 0.4833984375 0.4013671875 0.1552734375 0.294921875
0 0.4404296875 0.306640625 0.048828125 0.0302734375
2 0.4384765625 0.3642578125 0.0458984375 0.0341796875
1 0.435546875 0.4150390625 0.0517578125 0.0341796875
3 0.43359375 0.4677734375 0.052734375 0.03515625
4 0.4326171875 0.5234375 0.05078125 0.0341796875
6 0.51171875 0.5224609375 0.0830078125 0.037109375
6 0.5166015625 0.4677734375 0.0830078125 0.03515625
6 0.5166015625 0.41796875 0.0849609375 0.037109375
6 0.51953125 0.365234375 0.083984375 0.0380859375
6 0.5185546875 0.310546875 0.0849609375 0.03515625