5 0.42 0.3409563886763581 0.024444444444444446 0.8027926549349655 0.4066666666666667 0.9358385615914308 0.7222222222222222 0.45106350420811014 0.42444444444444446 0.3424858454475899 0.4311111111111111 0.3394269319051262 0.42 0.3409563886763581
0 0.4691988888888889 0.4467850038255547 0.5123855555555555 0.3932892119357307 0.43958444444444444 0.35495256312165263 0.3852922222222222 0.4315003825554705 0.4691988888888889 0.4467850038255547
2 0.36925111111111114 0.4510306044376434 0.3285311111111111 0.5172639632746748 0.3926955555555555 0.5367941851568477 0.45192333333333334 0.47650497322111707 0.37788888888888894 0.4431071155317521 0.37171888888888893 0.4467850038255547 0.36925111111111114 0.4510306044376434
1 0.3211277777777778 0.6369931140015301 0.3852922222222222 0.5614192807957153 0.30385333333333336 0.5350964039785768 0.24092333333333332 0.6089716908951798 0.3211277777777778 0.6369931140015301
3 0.2548788888888889 0.7286120887528692 0.3120966666666667 0.6510543228768171 0.23060555555555554 0.6242073450650345 0.1664522222222222 0.70534506503443 0.2548788888888889 0.7286120887528692
4 0.16992 0.8264544758990052 0.22627 0.7494927314460597 0.15171444444444446 0.7209931140015302 0.08842777777777777 0.8019938791124712 0.16992 0.8264544758990052
6 0.36064555555555555 0.8914827850038255 0.37191555555555555 0.8944659525631217 0.4213311111111111 0.811539403213466 0.26983444444444443 0.7665126243305279 0.2184677777777778 0.8425623565416985 0.36064555555555555 0.8914827850038255
6 0.4438711111111111 0.7912547819433818 0.49415333333333333 0.7154873756694721 0.35197666666666666 0.6671629686304513 0.29562555555555553 0.7435271614384085 0.4438711111111111 0.7912547819433818
6 0.5201622222222222 0.7028179035960214 0.5695777777777777 0.6288393267023719 0.4247988888888889 0.5747352716143841 0.3701822222222222 0.6544934965570007 0.5201622222222222 0.7028179035960214
6 0.6241944444444444 0.5411400153022188 0.49588777777777776 0.4856564651874522 0.49060200032487694 0.487111539670349 0.4876522222222222 0.486681713848508 0.44473888888888885 0.5554583014537108 0.5765133333333333 0.600202754399388 0.6241944444444444 0.5411400153022188
6 0.6363311111111111 0.5142930374904361 0.6857466666666667 0.4492639632746748 0.5591744444444444 0.40385156847742915 0.51236 0.469548584544759 0.6363311111111111 0.5142930374904361