5 0.425 0.6843750000000001 0.4527777777777778 0.0375 0.08055555555555556 0.0734375 0.027777777777777776 0.65625 0.425 0.6843750000000001
5 0.9222222222222223 0.9484375 0.9166666666666666 0.615625 0.6138888888888889 0.609375 0.6055555555555555 0.89375 0.9222222222222223 0.9484375
0 0.671875 0.673828125 0.111328125 0.041015625
3 0.6131477777777777 0.8735531249999999 0.7265133333333333 0.890695 0.7313888888888889 0.8495543750000001 0.6131477777777777 0.8351550000000001 0.6143666666666666 0.8372125 0.6131477777777777 0.8735531249999999
3 0.15115333333333333 0.6452225 0.15603 0.567055 0.04266444444444445 0.5643125 0.03291222222222222 0.6411087499999999 0.15115333333333333 0.6452225
4 0.7289511111111111 0.839269375 0.7277322222222221 0.8022425 0.6180244444444444 0.7899006249999999 0.6168055555555556 0.82624125 0.7289511111111111 0.839269375
4 0.16090555555555555 0.538256875 0.1694388888888889 0.45597562500000005 0.05485444444444444 0.463518125 0.04875888888888889 0.538256875 0.16090555555555555 0.538256875
1 0.7289511111111111 0.79058625 0.73017 0.7563025000000001 0.6168055555555556 0.744645625 0.6119288888888889 0.77824375 0.7289511111111111 0.79058625
1 0.17675222222222223 0.43060562500000005 0.1804088888888889 0.35518125 0.058511111111111104 0.36546625 0.056073333333333336 0.364780625 0.05241666666666666 0.43540500000000004 0.17675222222222223 0.43060562500000005
2 0.7313888888888889 0.74258875 0.7289511111111111 0.7055618749999999 0.6155855555555556 0.69733375 0.6155855555555556 0.7343606250000001 0.7313888888888889 0.74258875
2 0.18650444444444447 0.32501125000000003 0.19259888888888888 0.24821500000000002 0.06582555555555555 0.262614375 0.060948888888888886 0.33392499999999997 0.18650444444444447 0.32501125000000003
0 0.19138 0.22078812500000003 0.19259888888888888 0.14879187500000002 0.07435777777777777 0.16799125 0.06826333333333333 0.239986875 0.19138 0.22078812500000003
6 0.4022644444444445 0.660993125 0.4022644444444445 0.5704837500000001 0.18284777777777778 0.56774125 0.17553333333333332 0.647965 0.4022644444444445 0.660993125
6 0.40957777777777776 0.53277125 0.4120155555555556 0.44980437500000003 0.19138 0.458718125 0.18650444444444447 0.5334568749999999 0.40957777777777776 0.53277125
6 0.4181111111111111 0.41620625 0.41933 0.33392499999999997 0.2169788888888889 0.35312375 0.21088444444444443 0.42717687499999996 0.4181111111111111 0.41620625
6 0.41445444444444446 0.2962125 0.4181111111111111 0.21873125000000002 0.22063555555555556 0.24821500000000002 0.21819777777777777 0.31746875 0.41445444444444446 0.2962125
6 0.42542444444444444 0.189246875 0.4217677777777778 0.10696562500000001 0.23404444444444442 0.1439925 0.23282555555555556 0.21530249999999998 0.42542444444444444 0.189246875
6 0.9032655555555555 0.704190625 0.9057033333333334 0.662364375 0.7825866666666667 0.6575650000000001 0.7825866666666667 0.69733375 0.9032655555555555 0.704190625
6 0.9044844444444444 0.759730625 0.9057033333333334 0.71721875 0.7777111111111111 0.7083050000000001 0.77893 0.7487600000000001 0.9044844444444444 0.759730625
6 0.9081422222222222 0.810470625 0.9057033333333334 0.7693300000000001 0.7825866666666667 0.7583593750000001 0.7801488888888889 0.796071875 0.9081422222222222 0.810470625
6 0.9081422222222222 0.8625825 0.9069222222222223 0.81595625 0.7825866666666667 0.80841375 0.7777111111111111 0.846811875 0.9081422222222222 0.8625825
6 0.9093611111111111 0.91743625 0.9069222222222223 0.869439375 0.7838055555555555 0.8543543750000001 0.7813677777777778 0.85504 0.7898999999999999 0.8996087500000001 0.9093611111111111 0.91743625