5 0.44524732044723836 0.4264077706542271 0.16471320539319623 0.45975085114832165 0.21116812410147862 0.6726920018718007 0.48663124770957866 0.636271442215156 0.44524732044723836 0.4264077706542271
0 0.3199482901140289 0.45747490737937757 0.1802255345131067 0.473250193177387 0.1875053197115846 0.5079148946248635 0.3248119444293164 0.49230786598206716 0.3199482901140289 0.45747490737937757
2 0.33698358915815074 0.5274883408513782 0.33271687997878735 0.5011920954111062 0.1881620077359095 0.5173059708955133 0.19099595183943838 0.523112721162002 0.19617222970503073 0.5450561355474633 0.33698358915815074 0.5274883408513782
1 0.3185212593657896 0.5759636393932831 0.31347847313491656 0.5385689750498777 0.1995434728056997 0.5585466194521184 0.19198265010505722 0.5719437023029481 0.20302005070082738 0.590903730371675 0.3185212593657896 0.5759636393932831
4 0.33452529557678223 0.5791344511538454 0.20211048201459847 0.5952565614264856 0.2081832049226246 0.6300056688917507 0.3450719680452095 0.6084229410352621 0.33452529557678223 0.5791344511538454
3 0.34678915145628014 0.6503400771726723 0.3385988186078341 0.6200282752358197 0.21470101567712718 0.6364133588456661 0.21276248927748456 0.6434116783228039 0.21679042040247826 0.6662932384981087 0.34678915145628014 0.6503400771726723
6 0.4340017005066913 0.4392046740654337 0.3574592214350205 0.4557097331023365 0.3628742773549826 0.4810678327527648 0.44484689391788906 0.47276221232004967 0.4340017005066913 0.4392046740654337
6 0.4444148813403993 0.4839444139047944 0.3650374792014605 0.4946427911310217 0.3708703967165694 0.5259765899951426 0.4537525819657048 0.5133181385076165 0.4444148813403993 0.4839444139047944
6 0.4518140555660621 0.5203164579847545 0.3715867792544867 0.5362213375820343 0.37694311962459554 0.5607256974604075 0.4577664104831642 0.5533582912733491 0.4518140555660621 0.5203164579847545
6 0.46198850672020886 0.5616422043511384 0.3802546682116721 0.5733625100488208 0.38476020382021353 0.6030741325460502 0.4677617297217253 0.5921223318990174 0.46198850672020886 0.5616422043511384
6 0.469745848027426 0.603136276328549 0.38916040463429624 0.6139191280283782 0.3924578506138383 0.6437145332072192 0.47551911940375097 0.6336170956684185 0.469745848027426 0.603136276328549