5 0.5126953125 0.642578125 0.123046875 0.16796875
5 0.8525075000000001 0.702208125 0.8590016666666667 0.56724375 0.6198983333333334 0.556911875 0.6092716666666667 0.712385625 0.7716258333333335 0.7225631250000001 0.8525075000000001 0.702208125
0 0.68543 0.58361625 0.6234408333333334 0.57874875 0.6181275 0.641141875 0.6883825 0.648221875 0.68543 0.58361625
0 0.49178583333333337 0.58981125 0.4947375 0.56635875 0.46699000000000007 0.5674058601124835 0.46699000000000007 0.58981125 0.49178583333333337 0.58981125
2 0.6830691666666667 0.6517618749999999 0.6210791666666666 0.648221875 0.6198983333333334 0.64657625 0.6157658333333333 0.707075625 0.6836591666666667 0.710615625 0.6830691666666667 0.6517618749999999
2 0.46699000000000007 0.6203443750000001 0.4882433333333334 0.623884375 0.49119583333333333 0.6004312500000001 0.466440223110127 0.5973387746782168 0.46699000000000007 0.6203443750000001
1 0.46462833333333337 0.655745 0.4864725000000001 0.6566299999999999 0.49178583333333337 0.629636875 0.4640383333333334 0.629194375 0.4681708333333333 0.6322918750000001 0.4640383333333334 0.630521875 0.46462833333333337 0.655745
4 0.4864725000000001 0.6623825 0.45902 0.660413125 0.45931500000000003 0.6849500000000001 0.4835208333333334 0.6862775000000001 0.4864725000000001 0.6623825
3 0.48470166666666675 0.69472 0.4568058333333334 0.692515 0.45636333333333334 0.7150749999999999 0.4811591666666667 0.717288125 0.48470166666666675 0.69472
6 0.5590891666666667 0.5884487500000001 0.56086 0.56720875 0.50256 0.5652143749999999 0.505955 0.56543875 0.5053650000000001 0.59066125 0.5590891666666667 0.5884487500000001
6 0.5490525 0.6943125000000001 0.4965091666666667 0.6898875 0.4965091666666667 0.71865 0.5508241666666668 0.71865 0.5490525 0.6943125000000001
6 0.5543658333333334 0.6633368749999999 0.49768999999999997 0.660681875 0.4965091666666667 0.683249375 0.552005 0.687675 0.5543658333333334 0.6633368749999999
6 0.5573183333333334 0.630521875 0.5010841666666668 0.626650625 0.5006416666666667 0.651319375 0.5543658333333334 0.654416875 0.5573183333333334 0.630521875
6 0.5567275 0.621229375 0.5596791666666667 0.59821875 0.50256 0.595655625 0.5012316666666666 0.60795375 0.5041841666666667 0.623884375 0.5567275 0.621229375
6 0.8460133333333334 0.650434375 0.8454233333333334 0.59113875 0.7055033333333334 0.585139375 0.7179008333333333 0.58582875 0.7037325000000001 0.642026875 0.8460133333333334 0.650434375
6 0.8436516666666667 0.7017656250000001 0.8442425 0.6561875 0.7099308333333334 0.6521106249999999 0.7060933333333334 0.715925625 0.7970116666666667 0.715925625 0.8436516666666667 0.7017656250000001