5 0.468416 0.5844041404140414 0.49831466666666663 0.18962736273627362 0.19220666666666666 0.20029972997299728 0.18081733333333333 0.5623123312331233 0.468416 0.5844041404140414
2 0.306756 0.3218307830783078 0.307612 0.27856525652565256 0.20585866666666666 0.2774113411341134 0.19816266666666668 0.31606210621062103 0.306756 0.3218307830783078
1 0.303336 0.3824014401440144 0.3007706666666667 0.33798289828982897 0.19346 0.3371026102610261 0.200728 0.3789405940594059 0.303336 0.3824014401440144
0 0.29563999999999996 0.44008820882088207 0.2982053333333333 0.39797659765976595 0.19987333333333332 0.39338253825382535 0.19901733333333332 0.4354734473447344 0.29563999999999996 0.44008820882088207
3 0.29563999999999996 0.4989288928892889 0.2982053333333333 0.4556633663366337 0.19132266666666664 0.4522025202520252 0.19132266666666664 0.49258325832583255 0.29563999999999996 0.4989288928892889
4 0.29222 0.555020702070207 0.29307599999999995 0.5140630063006301 0.19239066666666668 0.5081071107110711 0.19303199999999998 0.5475211521152116 0.29222 0.555020702070207
6 0.4752053333333333 0.33163726372637264 0.4752053333333333 0.26875877587758773 0.33069866666666664 0.26991269126912687 0.32556799999999997 0.3293294329432943 0.4752053333333333 0.33163726372637264
6 0.4606693333333333 0.5745886588658866 0.46922 0.5145949594959496 0.3227893333333333 0.5052205220522051 0.31872799999999996 0.5636282628262826 0.4606693333333333 0.5745886588658866
6 0.46237866666666666 0.5099801980198019 0.46237866666666666 0.45229342934293426 0.32385733333333333 0.44821962196219617 0.32385733333333333 0.5019036903690369 0.46237866666666666 0.5099801980198019
6 0.46922 0.449985598559856 0.4734946666666666 0.39518361836183613 0.32385733333333333 0.3883312331233123 0.328988 0.4442169216921692 0.46922 0.449985598559856
6 0.47007466666666664 0.38826102610261026 0.47178533333333333 0.33057425742574253 0.32813333333333333 0.33133033303330334 0.32727866666666666 0.3859531953195319 0.47007466666666664 0.38826102610261026