5 0.6331785085039608 0.9179013095513737 0.7255896351543759 0.5636865581741384 0.40342714115307654 0.5108969559646416 0.3678446769362312 0.6825767677981983 0.3130235303034676 0.8831698074521741 0.6331785085039608 0.9179013095513737
2 0.5396132686850039 0.6177724499516435 0.4427143087416198 0.6067098937577405 0.4379961657250438 0.6403736420610268 0.5287949962085311 0.6551060352755533 0.5396132686850039 0.6177724499516435
1 0.5275439374935603 0.6789776576202842 0.43969091684710715 0.6643996477575067 0.4262395992123429 0.6956109441434848 0.5172469394816586 0.7063647336338895 0.5275439374935603 0.6789776576202842
0 0.5426366605795165 0.5600826959518772 0.4548878948259777 0.5435153842270388 0.44060253804789956 0.5906410955095042 0.5404323278876955 0.6027638709683322 0.5426366605795165 0.5600826959518772
4 0.5130500709296536 0.7300819726268712 0.42193847576742377 0.7213174849985275 0.40238702867276277 0.7561986184051293 0.5081234181272491 0.7677243246542794 0.5130500709296536 0.7300819726268712
3 0.5072893789839353 0.7836387395507667 0.4163862936075338 0.7708956481983009 0.4054637662381468 0.8102185353842717 0.49962542613032507 0.8171481045023037 0.5072893789839353 0.7836387395507667
6 0.6446571417467146 0.5807092675330385 0.5507033344371725 0.5668827181323984 0.546578529610791 0.5998494725178372 0.6343452806156329 0.6173981541166447 0.6446571417467146 0.5807092675330385
6 0.6357206232786339 0.636894263088407 0.5404862143296559 0.6246193525080194 0.5306396949130969 0.652428990230317 0.6233143734881217 0.6678072556428849 0.6357206232786339 0.636894263088407
6 0.606011755082864 0.7235538024792862 0.6172643335660633 0.6917704737280014 0.5258264562390325 0.6756481488595019 0.5269801796737916 0.6765174904053778 0.5181589283275037 0.7076193621498654 0.606011755082864 0.7235538024792862
6 0.6091636841512776 0.743363440001318 0.51338506408483 0.7305663040315068 0.5080173190899658 0.7643097097785735 0.5992605863219551 0.7812426816206959 0.6091636841512776 0.743363440001318
6 0.599115612134397 0.7977617170856973 0.5062330698205637 0.7846306326887538 0.4966855854309716 0.815724365656642 0.5924388194309947 0.829005896629865 0.599115612134397 0.7977617170856973