5 0.6297310531352062 0.6444148321833914 0.6218390012458465 0.350839149822062 0.38455507839412106 0.3375163674122239 0.3685803659911955 0.3346753669759547 0.35561358914621155 0.6202506308947943 0.6297310531352062 0.6444148321833914
0 0.3746005719100012 0.3806144338643005 0.46427909752009683 0.390040026718303 0.4661464682905734 0.35015799215703913 0.3783555886836424 0.34488783574815896 0.3746005719100012 0.3806144338643005
3 0.4140625 0.5888671875 0.10546875 0.046875
4 0.4169921875 0.5341796875 0.1015625 0.044921875
1 0.416015625 0.4765625 0.10546875 0.05078125
1 0.4169921875 0.4208984375 0.09765625 0.046875
6 0.6040927547598872 0.3554538165754312 0.49305722390500256 0.3499108280962003 0.49300094895787294 0.39232479390500347 0.6058048704687521 0.3989963117438744 0.6040927547598872 0.3554538165754312
6 0.5998486846930209 0.5783116540047798 0.4900940303739501 0.5710575549386415 0.48414156891888616 0.6142262107031727 0.5986318586725624 0.6257882930470332 0.5998486846930209 0.5783116540047798
6 0.5977370352643732 0.5236144143330549 0.4925448224979492 0.5163289233026986 0.4894035732801695 0.5581823508042735 0.6011187827569624 0.5692170944548085 0.5977370352643732 0.5236144143330549
6 0.5996249221140602 0.466763441667599 0.49153866261349627 0.46008250217608354 0.489770294478822 0.5068274812588981 0.6007890235443444 0.5095407117626346 0.5996249221140602 0.466763441667599
6 0.6023293221117785 0.41112068660921414 0.492573900044467 0.40536471418603387 0.48831627164965685 0.4488629587678754 0.600326296197636 0.45710069669474 0.6023293221117785 0.41112068660921414