5 0.5722592507190034 0.17727987293799163 0.1138086684989717 0.2542925197504365 0.1202681687485597 0.7229009833784237 0.6315417545858931 0.6806363950168259 0.5722592507190034 0.17727987293799163
0 0.24888974659967958 0.25975188462603405 0.1497614394808255 0.2727400153861077 0.1581235341960055 0.34632187838407846 0.25476667600675906 0.3330530588213892 0.24888974659967958 0.25975188462603405
2 0.2682213819448694 0.33928497549161235 0.14755362138743155 0.35508472607434194 0.15313520328346317 0.4255695116208546 0.2662102882024263 0.40971721889608503 0.2682213819448694 0.33928497549161235
1 0.26514429570546577 0.46176560838684155 0.2843892384139376 0.4267638626865763 0.15224149837553194 0.43848761486930177 0.15621899185746385 0.5085561889306582 0.30252860103588874 0.489276656666791 0.26514429570546577 0.46176560838684155
4 0.2687710099115384 0.5073617062393987 0.1547428913603495 0.5173074484989998 0.16157216922146095 0.5965159577615164 0.27483285077863895 0.5815328204571566 0.2687710099115384 0.5073617062393987
3 0.2814494260258026 0.6583137547421225 0.27905388695433486 0.5842725881871983 0.15758079029051783 0.601991081698036 0.15840920546834006 0.6044615808311595 0.14845950736182376 0.6774904708502765 0.2814494260258026 0.6583137547421225
6 0.423828125 0.265625 0.21484375 0.123046875
6 0.5616281282735484 0.5423925454784175 0.34685674359684365 0.5719935041738983 0.3460792620609095 0.6582136435858306 0.5666635642332485 0.6231458989972084 0.5616281282735484 0.5423925454784175
6 0.5504722202130048 0.45566682409558623 0.3463205463270691 0.48815031092013506 0.3466301077673669 0.5580892838381427 0.5549521066696412 0.5338105308069117 0.5504722202130048 0.45566682409558623
6 0.5329073207934935 0.37303046941659246 0.3312573152061169 0.4058722855095651 0.33426206821640125 0.47707603499368423 0.5443509329891607 0.44969462949128824 0.5329073207934935 0.37303046941659246
6 0.5360474821736326 0.28508387403829816 0.330269570434613 0.32989294327255897 0.33215410333525036 0.3929726957883741 0.5525030427778245 0.3625011999251266 0.5360474821736326 0.28508387403829816