5 0.45186965633230936 0.4219158008511438 0.16949701733565506 0.43068184169381496 0.1972161169002832 0.6468614999944026 0.47480528108662395 0.6345877247005729 0.45186965633230936 0.4219158008511438
0 0.32433974726200576 0.44194418768737787 0.1837737721788162 0.4454818032170889 0.188004627795006 0.48064907009601493 0.3261490015251303 0.4770684917705433 0.32433974726200576 0.44194418768737787
2 0.33520814905360136 0.5131759230485029 0.3332495447936417 0.4866078745535691 0.18784033069557043 0.49006164461872515 0.19015739915376828 0.49609329295059235 0.19340148514013655 0.5184043483614631 0.33520814905360136 0.5131759230485029
1 0.3125911733506958 0.5598576603784576 0.31082673618953877 0.5221657862431673 0.19558412649826576 0.5321373200983941 0.18688444230415804 0.5448244538860286 0.1962273669295326 0.5646743061706929 0.3125911733506958 0.5598576603784576
4 0.32825795491805004 0.5644112499059062 0.19494188520312397 0.5689312992547562 0.19796291529612658 0.6040774485506232 0.33621183402403537 0.5945074913133893 0.32825795491805004 0.5644112499059062
3 0.3342691638998843 0.6364147824882931 0.32875184535248203 0.6055044915664366 0.2038974568356972 0.6110288199471268 0.20135636338224697 0.617831554997607 0.2033747076409405 0.6409771012572482 0.3342691638998843 0.6364147824882931
6 0.43955150574910784 0.43368388782280376 0.3618617832396558 0.44345502351181904 0.36504612922729013 0.46918858115798234 0.4474306977537586 0.468058950400058 0.43955150574910784 0.43368388782280376
6 0.4460257360298818 0.47916094795470643 0.36601796385742813 0.48290041818486085 0.3690977648472779 0.5146233547427863 0.452767815100155 0.5092367309007987 0.4460257360298818 0.47916094795470643
6 0.4502267216467047 0.5160394659512788 0.36891853274815883 0.5248915548243196 0.3721187949402805 0.5497695040386532 0.4532766405342704 0.5494743470025059 0.4502267216467047 0.5160394659512788
6 0.4567606798232956 0.5580947172235442 0.3743163712980932 0.5626468502167612 0.37621522345640174 0.592638094322643 0.4598554158128289 0.5889620282226465 0.4567606798232956 0.5580947172235442
6 0.4608720554420175 0.6001069885730556 0.3796534765415726 0.6038253240931573 0.38034153407480703 0.6337947401133313 0.46396677932863367 0.6309749929478133 0.4608720554420175 0.6001069885730556