5 0.4932670036109039 0.03514426428059492 0.11932903981620466 0.038503706998305354 0.01595664109679856 0.6144985430571077 0.4092160575740196 0.6771367167545913 0.4932670036109039 0.03514426428059492
5 0.905003741449696 0.6514999047783823 0.6039228479196459 0.6188848658056013 0.5708363110916828 0.901451435219211 0.8815316358058897 0.9835301513078618 0.905003741449696 0.6514999047783823
0 0.65625 0.6884765625 0.115234375 0.05078125
3 0.6916000688009586 0.9089502253798691 0.7000427131246326 0.8683910855444403 0.5835065333624938 0.8437411126514083 0.5845414610704646 0.8458970164091699 0.5801599162580013 0.8819931211930723 0.6916000688009586 0.9089502253798691
3 0.15149468136743807 0.53682087464763 0.03879954060125383 0.524208351491668 0.022391194319878766 0.5998624064037782 0.13982382536851645 0.6142658942052506 0.15149468136743807 0.53682087464763
4 0.7005234627850198 0.8209405470133468 0.5923088215058939 0.7990839737164186 0.5879272766934309 0.835180078500321 0.6985106086414443 0.8579327567416907 0.7005234627850198 0.8209405470133468
4 0.17453375081792116 0.4273328518758172 0.05972796258890322 0.4248599580232908 0.04714169119425355 0.4987830418433912 0.15886160593624915 0.5085572678733985 0.17453375081792116 0.4273328518758172
1 0.7069558989041953 0.7753878289158882 0.5950388039952653 0.7538949494878386 0.5872524249782675 0.7869401939731964 0.7027536225600963 0.809434885730153 0.7069558989041953 0.7753878289158882
1 0.1942468152738986 0.3278781284012878 0.07191649852835091 0.3274998995096502 0.06954775338712416 0.3266044171868951 0.059749681581887856 0.3966413456186244 0.18403039590347348 0.4026967913838575 0.1942468152738986 0.3278781284012878
2 0.7101639851148768 0.7247340541465885 0.5979469480700027 0.7066567804499071 0.594719843277753 0.743542757011813 0.7093653816199752 0.7618324970413705 0.7101639851148768 0.7247340541465885
2 0.21571315161131863 0.22238134578062557 0.08816724086200736 0.2256769027841973 0.07709400089663854 0.29629113982133987 0.20294866415896357 0.2983541970317639 0.21571315161131863 0.22238134578062557
0 0.22437844791698688 0.1233365557879127 0.10491394414320519 0.13215747950739065 0.09256785872837812 0.20334797358600226 0.21688931062451677 0.1949526051539625 0.22437844791698688 0.1233365557879127
6 0.3964932941576141 0.5616973231143247 0.17815059877580236 0.5398418366002593 0.1638720274835077 0.619122815172955 0.38860488235386276 0.6518622826169223 0.3964932941576141 0.5616973231143247
6 0.41672519990945467 0.442327034901803 0.19615234475256646 0.4319772096709315 0.18478143088958876 0.5060066234971841 0.40706565899802943 0.5247657295611676 0.41672519990945467 0.442327034901803
6 0.4341113636817562 0.3275261117469597 0.230856978323817 0.3290157433222459 0.21833156996828657 0.40225590799218125 0.4257258295751264 0.4093880235828832 0.4341113636817562 0.3275261117469597
6 0.4429369098742202 0.2126644755772158 0.24364313029681758 0.2248249022881274 0.23517876698015883 0.29360265452822265 0.43254122203543105 0.2895321865294229 0.4429369098742202 0.2126644755772158
6 0.4563206778807736 0.10164285202261947 0.2660845837137477 0.12216766203679236 0.25865525704973824 0.19310007279127672 0.45279214636883997 0.18392969652429492 0.4563206778807736 0.10164285202261947
6 0.8900085219659306 0.6971059048858473 0.767778644478718 0.6815944684287442 0.7643125695343221 0.7212118863284802 0.8839346227834831 0.7385605270440312 0.8900085219659306 0.6971059048858473
6 0.8852276481698471 0.7517515424279837 0.7584993594970056 0.7317164547441675 0.756187724572823 0.7721237444219069 0.8803082434799523 0.7939954137424847 0.8852276481698471 0.7517515424279837
6 0.8806858534705881 0.8036644933889172 0.758993835860807 0.7820052904012154 0.7532784736150878 0.8193618166201242 0.8795298199219562 0.8448611290626881 0.8806858534705881 0.8036644933889172
6 0.8778363586689741 0.8502195495972555 0.7546313096299122 0.8318691933925113 0.7464276899307236 0.8696962692684236 0.8749879707503581 0.8967747026453079 0.8778363586689741 0.8502195495972555
6 0.8731749971851334 0.9034991551596336 0.7518415709844195 0.8777412336109705 0.7493533135309501 0.8782117832679736 0.7539686455620838 0.923354567883616 0.8714214020752877 0.9515259507321958 0.8731749971851334 0.9034991551596336