5 0.408203125 0.5869140625 0.2412109375 0.41796875
6 0.35546875 0.4326171875 0.0830078125 0.03515625
0 0.4013671875 0.3955078125 0.1572265625 0.0224609375
2 0.400390625 0.4736328125 0.1708984375 0.017578125
1 0.4013671875 0.5517578125 0.1708984375 0.0205078125
4 0.3974609375 0.6376953125 0.177734375 0.025390625
3 0.3935546875 0.728515625 0.1640625 0.02734375
6 0.349609375 0.7705078125 0.0859375 0.0380859375
6 0.3525390625 0.6826171875 0.0869140625 0.041015625
6 0.353515625 0.59375 0.08203125 0.0380859375
6 0.35546875 0.5146484375 0.083984375 0.03515625
5 0.681640625 0.708984375 0.173828125 0.2705078125
0 0.6787109375 0.599609375 0.150390625 0.044921875
2 0.68359375 0.73046875 0.1650390625 0.048828125
6 0.681640625 0.6650390625 0.1669921875 0.0625
6 0.6845703125 0.7939453125 0.1630859375 0.0693359375