5 0.7037230285575228 0.888426244334035 0.7332214764680428 0.5235457872074495 0.406786536422373 0.5275011076690655 0.40155653625744286 0.7027515474665833 0.3824008618130613 0.9098167203284948 0.7037230285575228 0.888426244334035
2 0.5594624254366202 0.6091044498850393 0.462114585702147 0.61503628658914 0.46331377042590627 0.6490079038504682 0.555291415884861 0.6477494274608123 0.5594624254366202 0.6091044498850393
1 0.558204627281 0.6714756302888918 0.4691548465761495 0.6723746100903318 0.46132766942125136 0.7054475335473009 0.552819779647516 0.7002346900196318 0.558204627281 0.6714756302888918
0 0.5524221645626176 0.5517661263838474 0.46312961624142224 0.5506879226162809 0.4572445800172834 0.5995783146253029 0.5576628288997847 0.5941816568026295 0.5524221645626176 0.5517661263838474
4 0.5528051262895508 0.7243203894359269 0.46155578367963107 0.7315104165326027 0.44835841224921436 0.7692567003040165 0.5544898462460002 0.7622463738352684 0.5528051262895508 0.7243203894359269
3 0.5564319871767595 0.7780638423873214 0.46469710933414965 0.7812995023459839 0.46076886739873546 0.8219216634907636 0.5547033071464146 0.8123949562368654 0.5564319871767595 0.7780638423873214
6 0.6564744919486953 0.5543636633556489 0.5615470989784004 0.5570620777326643 0.5632095760283423 0.5902442578844265 0.6526902494546928 0.5922857992063367 0.6564744919486953 0.5543636633556489
6 0.657430161366807 0.6112468927282014 0.5615110612270096 0.6156957471862813 0.5566432254774515 0.6447927241767082 0.6505803752106211 0.6438445701324631 0.657430161366807 0.6112468927282014
6 0.6432209087270767 0.7017487698155485 0.6487834181408603 0.6684943114970858 0.555935075297052 0.6684949417375772 0.5572222306556462 0.6691507340599938 0.5539357772890132 0.7013118927081814 0.6432209087270767 0.7017487698155485
6 0.6497648603665384 0.7207101276927416 0.5532191334117763 0.724739191807312 0.5537924174408956 0.7589020585365989 0.6465898741239934 0.7597335534090469 0.6497648603665384 0.7207101276927416
6 0.6493156028254126 0.776026802110742 0.5555639661589451 0.7792240926010432 0.5515608995770477 0.8115033451634669 0.6481657404463896 0.8079557252479495 0.6493156028254126 0.776026802110742