5 0.31362222222222225 0.484699375 0.43444305555555557 0.489326875 0.46015 0.5113062500000001 0.7634888888888889 0.518246875 0.7454944444444445 0.26606437499999996 0.2904861111111111 0.269534375 0.31362222222222225 0.484699375
0 0.5449819444444445 0.358608125 0.5295583333333334 0.32737499999999997 0.3718236111111112 0.32237562500000005 0.3718236111111112 0.3655 0.5449819444444445 0.358608125
2 0.3673930555555556 0.32072937500000004 0.5291222222222223 0.31571375 0.5314680555555555 0.315185625 0.5361611111111111 0.308321875 0.5256027777777779 0.28931625 0.36641666666666667 0.277738125 0.36544166666666666 0.2761425 0.3673930555555556 0.32072937500000004
1 0.37609583333333335 0.40622500000000006 0.5490666666666667 0.400713125 0.5420277777777778 0.367980625 0.3753638888888889 0.36694812499999996 0.3741444444444445 0.36821687500000005 0.37609583333333335 0.40622500000000006
4 0.5502402777777778 0.482545 0.5455472222222222 0.44981250000000006 0.37994722222222227 0.444573125 0.37897222222222227 0.484043125 0.5502402777777778 0.482545
3 0.3778888888888889 0.44074125000000003 0.5604055555555556 0.437270625 0.5449819444444445 0.41182125 0.37531805555555553 0.4095075 0.38045833333333334 0.416448125 0.3778888888888889 0.44074125000000003
6 0.7203569444444445 0.319936875 0.715663888888889 0.28350875 0.6053819444444445 0.285620625 0.5936486111111111 0.3146575 0.7203569444444445 0.319936875
6 0.7285694444444445 0.400185 0.7191833333333334 0.36586875 0.6077277777777779 0.368508125 0.5995152777777778 0.39807375 0.7285694444444445 0.400185
6 0.7168375000000001 0.438725625 0.7191833333333334 0.40440875 0.5971694444444444 0.40704875 0.6006888888888889 0.438725625 0.7168375000000001 0.438725625
6 0.7095041666666667 0.44883875000000006 0.5963958333333333 0.44536812500000006 0.5784 0.455779375 0.5888900045295019 0.4524079521504048 0.5938249999999999 0.48238625 0.7146458333333333 0.4800725 0.7095041666666667 0.44883875000000006
6 0.7172166666666666 0.32506124999999997 0.5888560903340472 0.3168699442072677 0.5889913418232774 0.3171467687926974 0.6066777777777778 0.32737499999999997 0.5963958333333333 0.32621812499999997 0.5893501612843923 0.3178811788101589 0.6092486111111112 0.358608125 0.7223583333333333 0.363235625 0.7172166666666666 0.32506124999999997