5 0.9234740824722414 0.2747240178127227 0.20831618247474853 0.12136601616925541 0.03148556911967858 0.660130253135776 0.8477417195392281 0.8565232272687764 0.9234740824722414 0.2747240178127227
3 0.31260726358410845 0.7131513877152793 0.3335222272313531 0.6260268676818673 0.07899385939769193 0.5719251929676616 0.06927388572077368 0.5725527828835393 0.055135948320100624 0.6503445466385502 0.31260726358410845 0.7131513877152793
4 0.3834629682213405 0.49255473352036994 0.11125467758987317 0.44552012124173107 0.08224794486531176 0.5227926313638741 0.35686548997950035 0.5838573872653015 0.3834629682213405 0.49255473352036994
1 0.3798695727986293 0.47563168659349137 0.40170868932202286 0.39543736688707093 0.15480912647425876 0.3419756036777345 0.15139101338709327 0.3328039420582384 0.12993144349160463 0.3322827011353491 0.11038591444579382 0.412964537909894 0.3798695727986293 0.47563168659349137
2 0.4284938058806569 0.28549498287659614 0.17439813695181317 0.2343867080578378 0.15174891249317532 0.3057339639687318 0.4101278701159481 0.3648591937960468 0.4284938058806569 0.28549498287659614
1 0.4396788521180735 0.18357771310887527 0.2100365904075146 0.12834334750088655 0.19151435355480076 0.20316235462415 0.42462638377065764 0.25439400891809916 0.4396788521180735 0.18357771310887527
6 0.9122510844813274 0.2772973912913421 0.5772605150438129 0.20534681165343754 0.5475192738537187 0.2889265124245879 0.8959582412231413 0.3680359892825303 0.9122510844813274 0.2772973912913421
6 0.8453864519350139 0.7679369923709718 0.8483169489456704 0.7189357703715306 0.4695777848342023 0.6327246870787439 0.44726671823868763 0.7253687366896762 0.8305049678736678 0.8379488703597048 0.8453864519350139 0.7679369923709718
6 0.8824858933369953 0.47367344378837584 0.899120965219467 0.3813247867070492 0.5491320740616203 0.3024664045035784 0.5494858058089382 0.3078483010362347 0.5281474131855483 0.3941507484303954 0.8824858933369953 0.47367344378837584
6 0.8802623174616517 0.48413454580222753 0.5258116378067443 0.41218043107444113 0.5074071581245287 0.5058127738984435 0.8676452810840736 0.5857480760318835 0.8802623174616517 0.48413454580222753
6 0.8677452971294295 0.599358984469363 0.5024197480402905 0.5292766935490667 0.5027052244681197 0.520887558989389 0.46791284742040173 0.6211902621354356 0.8544451515950267 0.7041916407000959 0.8677452971294295 0.599358984469363