5 0.4626644444444445 0.7657318750000001 0.47823444444444446 0.761978125 0.5160488888888889 0.36034437500000005 0.25579999999999997 0.31780375 0.18907000000000002 0.764480625 0.4626644444444445 0.7657318750000001
4 0.2990933333333334 0.7550475 0.3048722222222222 0.67864875 0.23840777777777777 0.6802743750000001 0.22540333333333334 0.7542350000000001 0.2990933333333334 0.7550475
3 0.23985222222222222 0.659955625 0.3077622222222222 0.668895625 0.3222111111111111 0.594935 0.25430111111111114 0.5900587500000001 0.25141111111111114 0.588433125 0.23985222222222222 0.659955625
1 0.32365666666666665 0.577054375 0.3308811111111111 0.508783125 0.25863555555555556 0.503094375 0.2571911111111111 0.575429375 0.32365666666666665 0.577054375
2 0.3352155555555556 0.492528125 0.34099555555555555 0.422631875 0.27164 0.416129375 0.2673055555555555 0.415316875 0.25863555555555556 0.488464375 0.3352155555555556 0.492528125
0 0.34388444444444444 0.40393812500000004 0.34388444444444444 0.35517312500000003 0.33955 0.351109375 0.33377111111111113 0.3462325 0.27886444444444447 0.32997750000000003 0.2673055555555555 0.39824875 0.34388444444444444 0.40393812500000004
6 0.48837444444444444 0.42181874999999996 0.49848888888888887 0.36573875 0.38867666666666667 0.34867125000000004 0.38145222222222225 0.41043999999999997 0.48837444444444444 0.42181874999999996
6 0.48692888888888886 0.44457562500000003 0.3763923802396556 0.4326185271703132 0.37422777777777777 0.43401000000000006 0.36844777777777776 0.492528125 0.47681555555555555 0.5055324999999999 0.48692888888888886 0.44457562500000003
6 0.36122333333333334 0.572178125 0.36989333333333335 0.576241875 0.47681555555555555 0.584369375 0.48115 0.520975 0.36844777777777776 0.5128475 0.36844777777777776 0.51366 0.36122333333333334 0.572178125
6 0.34822000000000003 0.66158125 0.45947666666666664 0.6656449999999999 0.4681455555555556 0.6014375 0.36122333333333334 0.59737375 0.3626688888888889 0.59899875 0.34822000000000003 0.66158125
6 0.45658666666666664 0.7469199999999999 0.46236666666666665 0.685150625 0.34966444444444444 0.6819 0.34099555555555555 0.7534218749999999 0.45658666666666664 0.7469199999999999