5 0 0.675788861095511 0 0.7143258120314152 0.31809029166745695 0.9069093521849401 0.7275406030791892 0.49833548201234507 0.45884454881194503 0.3302190243367155 0.466001516703516 0.32861303333308756 0.45481521808535647 0.327798937906319 0 0.675788861095511
0 0.5343013218253597 0.3981962004797942 0.4710617271364928 0.34556109731760654 0.40204073366442195 0.40914817551772437 0.4809359868982208 0.44154396807873086 0.5343013218253597 0.3981962004797942
2 0.3286887379381885 0.4812363176447483 0.38739047387037073 0.5136802954554213 0.4578588145921272 0.46702269487151066 0.39238600544902047 0.41896203397981135 0.3855861587786895 0.4212767364578157 0.38228959786441563 0.42491648065986404 0.3286887379381885 0.4812363176447483
1 0.3750290758621122 0.5362280341213993 0.30084265591525744 0.4935482782310952 0.223928291588601 0.5527253301789303 0.29655409503296104 0.5968098596150972 0.3750290758621122 0.5362280341213993
3 0.2847968456554647 0.6086861237588018 0.21066831139119388 0.5654828621275241 0.131047401764183 0.631509300239671 0.21270424736347335 0.6726528214461238 0.2847968456554647 0.6086861237588018
4 0.18037920160944393 0.6871290495369418 0.11337826747195281 0.643751245496331 0.034633560281764716 0.7098239116743139 0.1092593378905977 0.7506931714442979 0.18037920160944393 0.6871290495369418
6 0.29270042480790753 0.8592156716588949 0.3582775310024716 0.78837533808365 0.2194530237129315 0.7128345742306115 0.15339721354497607 0.7765427068110775 0.2822969367588835 0.8539545287126662 0.29270042480790753 0.8592156716588949
6 0.44947875240238805 0.7095628691472039 0.3204561961973064 0.6327342751836023 0.24945948362065323 0.6957136723701087 0.3845423878288726 0.7732203139675558 0.44947875240238805 0.7095628691472039
6 0.5412701341392113 0.6404899117152041 0.41090387690907926 0.5574669364573137 0.3408980480445586 0.6241268093102248 0.4775534160273664 0.7025778075011742 0.5412701341392113 0.6404899117152041
6 0.49895982827482926 0.485114926761824 0.4934870307452567 0.48543922944863943 0.49069107818482394 0.4844055029994121 0.4344160475276604 0.5427569734601401 0.5540080093323725 0.6139211003061164 0.6129270077160485 0.5660624841966341 0.49895982827482926 0.485114926761824
6 0.6922362715252562 0.48899157093681034 0.5778717238254224 0.41825570118952476 0.5184211096201631 0.4727838095320152 0.630380259647149 0.5423255321506434 0.6922362715252562 0.48899157093681034