5 0.6512441666666667 0.55346125 0.6512441666666667 0.39305875 0.5394925 0.385833125 0.5308216666666667 0.54551375 0.6512441666666667 0.55346125
3 0.5404558333333334 0.536843125 0.5838075 0.541178125 0.5838075 0.5195025 0.5385291666666667 0.515889375 0.5375658333333333 0.5180575000000001 0.5404558333333334 0.536843125
0 0.5818808333333333 0.515166875 0.5828441666666667 0.487710625 0.5443091666666667 0.485543125 0.5385291666666667 0.509386875 0.5818808333333333 0.515166875
4 0.585735 0.484820625 0.5847716666666667 0.45736437500000005 0.5443091666666667 0.453029375 0.5394925 0.48193062500000006 0.585735 0.484820625
1 0.5876616666666666 0.453029375 0.5876616666666666 0.42557312500000005 0.5423825000000001 0.42123750000000004 0.5423825000000001 0.45013875 0.5876616666666666 0.453029375
2 0.5886250000000001 0.42196 0.5876616666666666 0.39522625 0.5423825000000001 0.39233625000000005 0.5433458333333333 0.4197925 0.5886250000000001 0.42196
6 0.5905516666666667 0.5447912500000001 0.6454641666666667 0.55201625 0.6435375000000001 0.523115 0.5895883333333334 0.5195025 0.585735 0.542623125 0.5905516666666667 0.5447912500000001
6 0.6493175000000001 0.427018125 0.6454641666666667 0.39667125 0.5924783333333334 0.39378124999999997 0.5895883333333334 0.41907 0.6493175000000001 0.427018125
6 0.6483541666666667 0.454474375 0.6464275 0.429185625 0.5905516666666667 0.427018125 0.5924783333333334 0.45230687500000005 0.6483541666666667 0.454474375
6 0.6445008333333333 0.489878125 0.6445008333333333 0.459531875 0.5866983333333334 0.459531875 0.5847716666666667 0.48193062500000006 0.6445008333333333 0.489878125
6 0.6454641666666667 0.515889375 0.6445008333333333 0.49276875 0.5886250000000001 0.49060125 0.5847716666666667 0.515889375 0.6454641666666667 0.515889375