5 0.4599609375 0.408203125 0.22265625 0.32421875
0 0.3955078125 0.3271484375 0.0546875 0.041015625
2 0.4072265625 0.3828125 0.052734375 0.044921875
1 0.4169921875 0.43359375 0.05859375 0.044921875
3 0.427734375 0.484375 0.060546875 0.046875
4 0.4404296875 0.5390625 0.056640625 0.044921875
6 0.5166015625 0.5185546875 0.08984375 0.056640625
6 0.5087890625 0.46484375 0.08984375 0.0546875
6 0.49609375 0.416015625 0.091796875 0.056640625
6 0.486328125 0.3642578125 0.08984375 0.056640625
6 0.47265625 0.3115234375 0.091796875 0.0546875