5 0.9509657096954172 0.25451529339099616 0.06566648515305439 0.16274404260370173 0 0.7393544642690415 0 0.7851324757765736 0.8688605799205905 0.8260014448205563 0.9509657096954172 0.25451529339099616
0 0.4553637307753614 0.22384796139565022 0.15459391639950942 0.19087419615200002 0.13944857937796587 0.28082983152826924 0.4262667641728191 0.31463706713882156 0.4553637307753614 0.22384796139565022
2 0.47924407642367695 0.43163252364166105 0.4935716641289245 0.3572804747459321 0.13724065622396667 0.3229595150257279 0.16089161894122483 0.40243122399073294 0.21596216288055317 0.4131405703556111 0.47924407642367695 0.43163252364166105
1 0.46316629862030867 0.47303531885796773 0.11368844310840572 0.44063816192639355 0.09136285396728877 0.5349114291062489 0.4404318348210437 0.575110379278093 0.46316629862030867 0.47303531885796773
4 0.4357377471842575 0.5983340369286154 0.0999661964584644 0.5697844855743014 0.08498440930017999 0.6566194036544625 0.4487409941196 0.6819416556269187 0.4357377471842575 0.5983340369286154
3 0.41316683324825165 0.6972883800526327 0.0738460439284868 0.6701174652760848 0.0828094026800799 0.764465872440478 0.412136675670966 0.783289827765892 0.41316683324825165 0.6972883800526327
6 0.9124965096831338 0.2587577852100444 0.559469415577259 0.2277392648562362 0.5294729247267912 0.33569231572800173 0.8755650915079815 0.3663473919412338 0.9124965096831338 0.2587577852100444
6 0.8885354219094249 0.38423822535098 0.5491328576580305 0.358627669222486 0.5198723411922289 0.4525374922617653 0.8938677671354166 0.48152562774119345 0.8885354219094249 0.38423822535098
6 0.8517675535975318 0.48870711478606155 0.5294569828629597 0.4686862449531695 0.5207559235763232 0.568367476358339 0.8500014216355797 0.5887517903318069 0.8517675535975318 0.48870711478606155
6 0.8459615334518301 0.5994925787978971 0.5159800610079073 0.5931514926569152 0.5080967510375666 0.6772291375815445 0.826776308246537 0.7001890026402565 0.8459615334518301 0.5994925787978971
6 0.8223275454046396 0.7187315843466168 0.5036479881956692 0.6957717192879047 0.49898681709278203 0.7847121622269839 0.8071004334514664 0.81024757837094 0.8223275454046396 0.7187315843466168