5 0.5701183333333334 0.7465437500000001 0.5506866666666667 0.2086875 0.19258416666666667 0.267015 0.19258416666666667 0.70180875 0.5701183333333334 0.7465437500000001
2 0.3771875 0.30543875 0.3757991666666667 0.2398975 0.19952416666666667 0.267015 0.19674833333333336 0.32728625 0.3771875 0.30543875
1 0.3757991666666667 0.417795625 0.37857500000000005 0.34081062500000003 0.19813583333333334 0.35537562500000003 0.19397166666666668 0.42611875 0.3757991666666667 0.417795625
0 0.37857500000000005 0.520789375 0.3757991666666667 0.44380437500000003 0.20785166666666668 0.44796562500000003 0.2023 0.5145474999999999 0.37857500000000005 0.520789375
4 0.20924 0.60297625 0.3827391666666667 0.61754125 0.3841275 0.5436768750000001 0.20993416666666667 0.54027625 0.20785166666666668 0.5915325 0.20924 0.60297625
3 0.3841275 0.7153331249999999 0.3869033333333334 0.64459 0.20819916666666669 0.62876125 0.20507583333333335 0.6924456250000001 0.3841275 0.7153331249999999
6 0.38361833333333334 0.306341875 0.5398041666666666 0.29341875 0.5367616666666667 0.221963125 0.38539333333333337 0.2445475 0.37854750000000004 0.301020625 0.38361833333333334 0.306341875
6 0.40288833333333335 0.7155506250000001 0.5428466666666667 0.726953125 0.551975 0.663099375 0.5469033333333334 0.6615787500000001 0.3904641666666667 0.6448368750000001 0.38869000000000004 0.71175 0.40288833333333335 0.7155506250000001
6 0.39173250000000004 0.6098275000000001 0.5398041666666666 0.618949375 0.5499466666666667 0.555095625 0.3891966666666667 0.550706875 0.387675 0.5862625 0.39173250000000004 0.6098275000000001
6 0.3856466666666667 0.51088625 0.5428466666666667 0.5154475000000001 0.5438608333333333 0.43563 0.3841258333333334 0.443265625 0.3795616666666667 0.490361875 0.3856466666666667 0.51088625
6 0.5418325 0.404463125 0.5438608333333333 0.32540562500000003 0.38159000000000004 0.33772625 0.38361833333333334 0.412065 0.5418325 0.404463125