5 0.49933073755108115 0.20431154415195335 0.1567970832608948 0.3239367649087448 0.2322982256093657 0.7521250208699966 0.6118649511976324 0.7306222756523278 0.49933073755108115 0.20431154415195335
2 0.33251973127114354 0.2654162897951896 0.1636316490667995 0.3227316465557363 0.17136397960727112 0.38256925923931384 0.34526809132608816 0.3297207393839734 0.33251973127114354 0.2654162897951896
1 0.3527767737178051 0.3643142992760393 0.17760806914512858 0.40999095667006824 0.1857915802656741 0.4803824345955481 0.3634114164877573 0.4406117425415246 0.3527767737178051 0.3643142992760393
0 0.3679277885286521 0.4662253611876808 0.20325438190895076 0.4994871697686197 0.2093488787928754 0.5660215532783902 0.3840297556740771 0.5415587676534852 0.3679277885286521 0.4662253611876808
4 0.4049314460718541 0.6361176643187851 0.39347227338902924 0.5631343735940565 0.22133481586514406 0.5900337666240308 0.22818450812603674 0.6408729413443541 0.23153893588964458 0.65190175351456 0.4049314460718541 0.6361176643187851
3 0.4137293158356908 0.6620323830749061 0.23499143341452625 0.6774757602375682 0.24297422619722553 0.7407349876248848 0.42328006838666826 0.7321827794470581 0.4137293158356908 0.6620323830749061
6 0.5033269943328669 0.2896452623678294 0.48792257767902575 0.21980353345204812 0.3427756050143194 0.2683296362887969 0.34584023051523005 0.32513357410856936 0.3517580518615396 0.32949344139669945 0.5033269943328669 0.2896452623678294
6 0.5816057260961282 0.7160649514845797 0.5795072922101748 0.6515961649772068 0.5742486217959832 0.6509793273621834 0.41727892150340334 0.661657175269622 0.42715105063318365 0.7278618203564411 0.4417936509849474 0.7291391906134923 0.5816057260961282 0.7160649514845797
6 0.5598547941388937 0.6102303457107391 0.5587551194491204 0.5455854510098489 0.3996851747126721 0.5691773205437758 0.4043607950688973 0.6044570103506535 0.4124486718334656 0.6269594275695027 0.5598547941388937 0.6102303457107391
6 0.544878159748573 0.507772572178887 0.5320167555238227 0.4289915711593179 0.3760344014630157 0.4642488855180389 0.3797177527310886 0.511422196880075 0.3892743282246706 0.5305781113447015 0.544878159748573 0.507772572178887
6 0.5128764936705964 0.32044175208839293 0.35521037299514546 0.36075323360717637 0.3701166798550427 0.4336103945693782 0.5246071660841399 0.39865040740918994 0.5128764936705964 0.32044175208839293