5 0.8061863141571491 0.2832082669261742 0.29112905492039676 0.16488884965495243 0.17493773544395944 0.6478833352866106 0.7539979132547141 0.7711424122638625 0.8061863141571491 0.2832082669261742
0 0.5169380570416744 0.22797547395204776 0.30846977031698486 0.17852405773184488 0.29870206032322 0.2339194938387816 0.4924077075944068 0.28711427474114654 0.5169380570416744 0.22797547395204776
2 0.4836341887751291 0.3159526387349705 0.29041128300043095 0.2748345318278822 0.27540931672916236 0.33327099896530143 0.4693478400508391 0.3792135405586592 0.4836341887751291 0.3159526387349705
1 0.47303773136263516 0.411579748891797 0.26938307378345366 0.3674475210238988 0.2628911942134427 0.43090871103979383 0.45783405518270065 0.47115537079166736 0.47303773136263516 0.411579748891797
4 0.45940314203209853 0.5066711544205209 0.2507895081047761 0.46401396854900107 0.22962333860224712 0.5307606589935489 0.44755143684610843 0.5738855145732955 0.45940314203209853 0.5066711544205209
3 0.4366540484173229 0.6001560615697831 0.22987331952492362 0.5648697616371161 0.21842339281001039 0.6298055228513586 0.4228816073313457 0.6693805528421927 0.4366540484173229 0.6001560615697831
6 0.7732430038279579 0.3611455130132979 0.7767846908751013 0.2877669858059667 0.5465920443219444 0.23425650782171165 0.5451858196731755 0.24223160410657363 0.543452135745878 0.3053564360905108 0.7732430038279579 0.3611455130132979
6 0.7624336633244584 0.37803381194160635 0.545911789729366 0.32693386007699765 0.5269801952027262 0.3987734530267119 0.7551391560155324 0.44605172903653456 0.7624336633244584 0.37803381194160635
6 0.7464523698507971 0.4597901265779111 0.5277208231948931 0.42122185337038276 0.5169855848237198 0.4909825200689257 0.7359430311603506 0.5460354594645892 0.7464523698507971 0.4597901265779111
6 0.7295787593666794 0.5554851269477986 0.5209651254393568 0.5128279410762787 0.5033509954931832 0.5860739255976498 0.7188435209955062 0.6252457936463416 0.7295787593666794 0.5554851269477986
6 0.7190694206762329 0.6417304598344767 0.4955806075808541 0.6034980738608754 0.48060283108164625 0.679558361948881 0.7000498867544179 0.7229516853475245 0.7190694206762329 0.6417304598344767