5 0.7179894179894178 0.6372152777777778 0.629100529100529 0.1597380952380952 0.21428571428571427 0.1851190476190476 0.3074074074074074 0.6705277777777778 0.7179894179894178 0.6372152777777778
0 0.41748941798941797 0.3276071428571429 0.4011917989417989 0.25512797619047617 0.24038888888888887 0.2640208333333333 0.2556005291005291 0.3333075396825397 0.41748941798941797 0.3276071428571429
2 0.25668650793650793 0.34470833333333334 0.2599457671957672 0.3463373015873016 0.2675515873015873 0.41067261904761904 0.4326997354497354 0.40252876984126984 0.41640343915343914 0.33575099206349207 0.25668650793650793 0.3430793650793651 0.2534272486772487 0.34470833333333334 0.25668650793650793 0.34470833333333334
1 0.45225793650793644 0.485594246031746 0.42726719576719574 0.41637301587301584 0.26619312169312165 0.42394047619047615 0.29036772486772483 0.49780952380952376 0.45225793650793644 0.485594246031746
4 0.4652949735449735 0.5637728174603175 0.4457380952380952 0.4953660714285714 0.28384920634920635 0.5095029761904761 0.29797354497354495 0.5784315476190476 0.4652949735449735 0.5637728174603175
3 0.48267989417989415 0.6462162698412698 0.4642089947089947 0.5769950396825396 0.30557936507936506 0.5940466269841269 0.31970370370370366 0.661689484126984 0.48267989417989415 0.6462162698412698
6 0.6836825396825397 0.6224712301587302 0.6706441798941799 0.5589503968253968 0.5120145502645502 0.5736746031746032 0.5174470899470899 0.6314295634920635 0.6836825396825397 0.6224712301587302
6 0.6597791005291005 0.5418492063492063 0.653260582010582 0.4856577380952381 0.49435978835978833 0.49524206349206346 0.5044100529100529 0.5524355158730159 0.6597791005291005 0.5418492063492063
6 0.6576071428571428 0.4661130952380952 0.6576071428571428 0.457969246031746 0.6380502645502645 0.4050357142857143 0.4848518518518518 0.41375396825396826 0.4924576719576719 0.4742569444444444 0.6576071428571428 0.4661130952380952
6 0.46964153439153433 0.3928204365079365 0.6358769841269841 0.3822331349206349 0.628271164021164 0.3203412698412698 0.4631230158730158 0.3322668650793651 0.47724735449735445 0.3838621031746031 0.46964153439153433 0.3928204365079365
6 0.6206653439153439 0.30242559523809526 0.6043677248677248 0.24134821428571426 0.45225793650793644 0.2528154761904762 0.467468253968254 0.3154553571428571 0.6206653439153439 0.30242559523809526