5 0.337890625 0.3681640625 0.2666015625 0.2197265625
1 0.2373046875 0.30859375 0.0478515625 0.02734375
2 0.2373046875 0.34375 0.0556640625 0.03125
0 0.2353515625 0.3759765625 0.0537109375 0.02734375
3 0.236328125 0.408203125 0.0537109375 0.025390625
4 0.23828125 0.4404296875 0.0498046875 0.029296875
6 0.345703125 0.30859375 0.1240234375 0.0302734375
6 0.34765625 0.34375 0.123046875 0.0263671875
6 0.34375 0.37890625 0.1162109375 0.02734375
6 0.337890625 0.41015625 0.10546875 0.0244140625
6 0.3359375 0.4423828125 0.1083984375 0.03125