5 0.48171799604445154 0.3230087717152456 0.17978066636736895 0.33867466053510387 0.18712960656644373 0.6942624415802979 0.5011352429645431 0.657903081652417 0.48171799604445154 0.3230087717152456
0 0.25 0.37109375 0.12890625 0.06640625
2 0.263671875 0.43359375 0.140625 0.064453125
1 0.33504870567556433 0.522267236352001 0.3360600323390811 0.47499266399571277 0.19530077473451532 0.4850264646233458 0.19588161834753615 0.4852673460581134 0.19811499093010507 0.5283968793231415 0.33504870567556433 0.522267236352001
3 0.3187668459597127 0.5425891295254581 0.19950033092662975 0.5499242047107915 0.20435972258979318 0.6000627277640028 0.3132969730283196 0.5970478774948358 0.3187668459597127 0.5425891295254581
4 0.31385152096956875 0.6048857267483704 0.20682607233822015 0.6156657002773894 0.20841967076500711 0.6639671051949921 0.3106682854677695 0.6561545673365454 0.31385152096956875 0.6048857267483704
6 0.431640625 0.61328125 0.099609375 0.052734375
6 0.431640625 0.55078125 0.095703125 0.056640625
6 0.4287109375 0.48828125 0.1015625 0.060546875
6 0.427734375 0.42578125 0.099609375 0.05859375
6 0.4228515625 0.361328125 0.095703125 0.05859375