5 0.3333333333333333 0.8924302788844621 0.6548672566371682 0.9103585657370518 0.7286135693215339 0.5517928286852589 0.40412979351032446 0.5159362549800797 0.3775811209439528 0.6892430278884462 0.3333333333333333 0.8924302788844621
2 0.5368731563421829 0.6533864541832669 0.5457227138643068 0.6155378486055777 0.44837758112094395 0.6095617529880478 0.44542772861356933 0.6434262948207171 0.5368731563421829 0.6533864541832669
1 0.528023598820059 0.7051792828685259 0.5368731563421829 0.6772908366533864 0.44837758112094395 0.6673306772908366 0.4365781710914454 0.699203187250996 0.528023598820059 0.7051792828685259
0 0.5457551622418879 0.6005069721115538 0.5457227138643068 0.5577689243027888 0.45722713864306785 0.545816733067729 0.44542772861356933 0.5936254980079682 0.5457551622418879 0.6005069721115538
4 0.5221238938053098 0.7669322709163346 0.5250737463126843 0.7290836653386454 0.4336283185840708 0.7250996015936255 0.415929203539823 0.7609561752988048 0.5221238938053098 0.7669322709163346
3 0.5162241887905604 0.8167330677290836 0.5221238938053098 0.7828685258964143 0.43067846607669613 0.7749003984063745 0.4218289085545723 0.8147410358565736 0.5162241887905604 0.8167330677290836
6 0.6403053097345133 0.6102061752988048 0.6486828908554573 0.5730278884462152 0.5541342182890855 0.5641374501992031 0.551740412979351 0.5972749003984064 0.6403053097345133 0.6102061752988048
6 0.6319277286135693 0.6611235059760956 0.6426991150442478 0.6296035856573705 0.546952802359882 0.6223296812749003 0.5385752212389381 0.6506165338645419 0.6319277286135693 0.6611235059760956
6 0.5289999999999999 0.7063844621513945 0.6175663716814159 0.717699203187251 0.6271401179941003 0.6853705179282868 0.5349837758112094 0.6740557768924302 0.5361814159292035 0.674863545816733 0.5289999999999999 0.7063844621513945
6 0.6138436578171091 0.7756623505976096 0.6217507374631269 0.737316733067729 0.5254336283185841 0.7295498007968126 0.5218392330383481 0.7635278884462151 0.6138436578171091 0.7756623505976096
6 0.6095309734513275 0.8237171314741035 0.6145634218289086 0.7921663346613546 0.5211209439528024 0.783914342629482 0.5132138643067846 0.8154651394422311 0.6095309734513275 0.8237171314741035