5 0.453125 0.47265625 0.634765625 0.640625
0 0.3759765625 0.248046875 0.1953125 0.109375
2 0.36328125 0.34765625 0.224609375 0.103515625
1 0.33203125 0.4404296875 0.23046875 0.09765625
4 0.314453125 0.537109375 0.228515625 0.08984375
3 0.2900390625 0.63671875 0.224609375 0.1015625
6 0.6279296875 0.3125 0.255859375 0.12890625
6 0.609375 0.40625 0.2421875 0.12109375
6 0.5908203125 0.4990234375 0.23046875 0.10546875
6 0.572265625 0.58984375 0.2265625 0.10546875
6 0.5517578125 0.6826171875 0.248046875 0.123046875