5 0.7110120957482486 0.9039794729255406 0.6272188463441586 0.009964288125867193 0.05366435692635393 0.0939869622997001 0.13570145197666653 0.8936656020013769 0.7110120957482486 0.9039794729255406
2 0.10188761891718506 0.17778110338410136 0.09847609310019897 0.17921585685968677 0.1042748854431192 0.2794837102248244 0.36330266643975767 0.2442739678800509 0.3520017721699924 0.1469723938485067 0.10188761891718506 0.17778110338410136
1 0.36434879941101783 0.2880995609970465 0.10468150187920908 0.3114674791643022 0.11721000436174224 0.3954645574672752 0.3778727856971476 0.3789333930819363 0.36434879941101783 0.2880995609970465
4 0.40129589156058076 0.646660718194093 0.3846418618872786 0.5519185650237599 0.13375396901493175 0.5741999702600517 0.13196832065551584 0.6597671616530512 0.40129589156058076 0.646660718194093
3 0.414412566785815 0.7647167635170061 0.40714960638095654 0.6817007462165894 0.13948106880517358 0.6915709632523912 0.1487606472946828 0.7879582949163816 0.414412566785815 0.7647167635170061
6 0.5913469950440299 0.20550105239185873 0.5907514869467506 0.10308008664599133 0.36335488050440556 0.13755331281208438 0.3596589947018041 0.13564880826955056 0.3736457701612696 0.23500410737501742 0.5913469950440299 0.20550105239185873
6 0.3750398844247658 0.2735433037617725 0.37258966973724733 0.27148866957172546 0.38839661556302246 0.37173880328715075 0.41588685748265464 0.3672426365625153 0.606824174616906 0.35053778586921425 0.6028295000927455 0.3048784471255517 0.6032801249667264 0.24628307449667974 0.3750398844247658 0.2735433037617725
6 0.6078703075881662 0.3943633789862097 0.38277782600665694 0.41833269187744426 0.3972504323313139 0.5048066305676364 0.6210311267887344 0.4810461922884886 0.6078703075881662 0.3943633789862097
6 0.6235289889953143 0.5414746879223412 0.3977805556629867 0.5529649341594729 0.40850806726033284 0.6334819866117156 0.6365082518892712 0.6260823031441578 0.6235289889953143 0.5414746879223412
6 0.6412292061122157 0.680043056831356 0.41692893714051144 0.6811896013200149 0.4265705668282085 0.7762008243114409 0.6540268582272224 0.7625748513510239 0.6412292061122157 0.680043056831356
0 0.3792812555917211 0.4269100776113285 0.12839729821497634 0.4407060531118689 0.12901236268293403 0.5303661303744279 0.3896751440183394 0.513834965989089 0.3792812555917211 0.4269100776113285