5 0.5842634084464173 0.31345753616446326 0.23237260481310534 0.3815047901673227 0.22711543142035945 0.6029409154090433 0.5714145101254166 0.5508542467001577 0.5842634084464173 0.31345753616446326
2 0.41767127597905285 0.35051424813547916 0.2468084236258798 0.3819456107069439 0.24330766682184193 0.4198245699114274 0.4143901276418183 0.3893444361157091 0.41767127597905285 0.35051424813547916
1 0.4049189613564277 0.3965406740700331 0.2482352971420895 0.4267023718947227 0.2488524195524127 0.46312967908109626 0.4090362590527777 0.4336627961973494 0.4049189613564277 0.3965406740700331
0 0.392605863667409 0.44446955755608025 0.2501700703532319 0.4688370517355759 0.250459133355107 0.5038372033263098 0.3913287528206541 0.48233611233331875 0.392605863667409 0.44446955755608025
4 0.41072386250786597 0.4843709394471666 0.2347973676035495 0.5179732654001536 0.2327516271229834 0.5525105194622791 0.4141136520424802 0.5231639141456619 0.41072386250786597 0.4843709394471666
3 0.4073053486479789 0.5322502052242342 0.2343986906240074 0.5596447352803785 0.23523542150113383 0.5970232712424988 0.4021986498149925 0.5679951018969102 0.4073053486479789 0.5322502052242342
6 0.5607495675151689 0.5073450745206407 0.4466310290065862 0.5241730859202938 0.44407738883108744 0.5613324213293448 0.5565213025493954 0.546894886296303 0.5607495675151689 0.5073450745206407
6 0.5577167519700106 0.46045425080105445 0.44943183893813904 0.4784402871022785 0.44888223625311996 0.514635989308338 0.5586632870805386 0.498308401151048 0.5577167519700106 0.46045425080105445
6 0.568971575505332 0.41276968915458634 0.45066647502106194 0.43557389147076786 0.45073592955613373 0.4696228142857552 0.5653610144678926 0.4501730339711964 0.568971575505332 0.41276968915458634
6 0.5703860518747395 0.3658540565805104 0.45441440158115387 0.3891214688573204 0.4520803698724583 0.42723203304211793 0.5680931416381192 0.40896477405160003 0.5703860518747395 0.3658540565805104
6 0.5761380159253111 0.3184380007640713 0.4580525239078441 0.3421934318559995 0.45582829643255024 0.38077961042867037 0.5734058887550844 0.35964626068366773 0.5761380159253111 0.3184380007640713