5 0.4892578125 0.478515625 0.626953125 0.517578125
6 0.2919921875 0.439453125 0.16796875 0.119140625
6 0.482421875 0.4560546875 0.154296875 0.109375
6 0.6845703125 0.466796875 0.150390625 0.103515625
6 0.27734375 0.626953125 0.158203125 0.107421875
6 0.7538644437416403 0.595823715652887 0.6138161477238115 0.5902632096554932 0.6146256123826879 0.5953531278243865 0.6089815631381358 0.6885491890031519 0.7529108488450547 0.6927762045390299 0.7538644437416403 0.595823715652887
0 0.294921875 0.3505859375 0.107421875 0.060546875
2 0.4921875 0.37109375 0.123046875 0.064453125
1 0.6845703125 0.3876953125 0.115234375 0.056640625
4 0.279296875 0.5390625 0.169921875 0.0703125
3 0.671875 0.5615234375 0.1484375 0.064453125