5 0.419921875 0.59765625 0.291015625 0.443359375
6 0.3486328125 0.451171875 0.0859375 0.044921875
0 0.3896484375 0.408203125 0.158203125 0.041015625
2 0.3974609375 0.486328125 0.171875 0.0390625
1 0.408203125 0.5634765625 0.171875 0.041015625
4 0.4150390625 0.6494140625 0.1796875 0.046875
3 0.421875 0.740234375 0.166015625 0.046875
6 0.3837890625 0.787109375 0.08984375 0.048828125
6 0.3759765625 0.69921875 0.091796875 0.05078125
6 0.3662109375 0.611328125 0.0859375 0.046875
6 0.3583984375 0.5322265625 0.087890625 0.044921875
5 0.7060546875 0.685546875 0.205078125 0.2890625
0 0.689453125 0.5771484375 0.154296875 0.0625
2 0.7099609375 0.7060546875 0.169921875 0.068359375
6 0.7001953125 0.6416015625 0.173828125 0.08203125
6 0.71875 0.76953125 0.169921875 0.087890625