5 0.47127032213954645 0.1909553108035673 0.16725731358947082 0.2282661365618796 0.1874627972548427 0.5898938163856856 0.47589249220423374 0.5868356841564013 0.47127032213954645 0.1909553108035673
2 0.28904478488588137 0.2961756016132858 0.18757808335303505 0.3038944645619047 0.1832800050945293 0.3430689024044972 0.29196288132638 0.3393510950909806 0.28904478488588137 0.2961756016132858
1 0.28740807359160747 0.35596340279992394 0.1804290342526013 0.36443920539091657 0.19131579787134442 0.40548453509142096 0.2938349760641816 0.39998933515996776 0.28740807359160747 0.35596340279992394
0 0.2900812975548693 0.4159523915632272 0.19172308184236014 0.4199460124361735 0.19453880362553594 0.4619513582261907 0.29119599483841224 0.4581273388620944 0.2900812975548693 0.4159523915632272
3 0.29510903072561406 0.47341964466916786 0.18833145226333395 0.47928740634895306 0.1918508654828553 0.5195144835231115 0.2963242983621745 0.5167441163631327 0.29510903072561406 0.47341964466916786
4 0.29508908005146 0.5320441072282349 0.1942677943053578 0.5348861806299904 0.19834184722499876 0.5740943438241483 0.29780603578592363 0.5729205519157342 0.29508908005146 0.5320441072282349
6 0.455145683883448 0.2717997161385218 0.311289479064221 0.2855438263989411 0.3113568463854694 0.34518163649675754 0.46062590519475843 0.33443893235750755 0.455145683883448 0.2717997161385218
6 0.4706091617279776 0.5172220750305017 0.32391867189835355 0.5206455836658188 0.32496336319388097 0.5791850338756843 0.4673198283582609 0.577732719966064 0.4706091617279776 0.5172220750305017
6 0.4583639255986309 0.4557538824971158 0.32001465205128565 0.4637685068764401 0.324693526907 0.5172482911953294 0.4633916587693756 0.5132211356030563 0.4583639255986309 0.4557538824971158
6 0.4644601778683827 0.39789256835234105 0.31479503504007217 0.4041080114378871 0.32477693666726465 0.4593338710252648 0.4649780848871408 0.45285857221886927 0.4644601778683827 0.39789256835234105
6 0.4571262722236078 0.33367804375697874 0.3140868077844827 0.34695133902577385 0.31799608951607294 0.40144083393804536 0.4604498483308169 0.3912943912868463 0.4571262722236078 0.33367804375697874