5 0.42666666666666664 0.8453493883792049 0.7044444444444444 0.37316896024464835 0.39444444444444443 0.28134556574923547 0.09555555555555556 0.7521353211009174 0.42666666666666664 0.8453493883792049
0 0.45769111111111116 0.38807415902140674 0.4923911111111111 0.32317201834862386 0.4181333333333333 0.2951077981651376 0.37441111111111114 0.3680305810397554 0.45769111111111116 0.38807415902140674
2 0.35892358902132204 0.3897536071459082 0.3175033333333333 0.4529762996941896 0.4007833333333333 0.4787461773700306 0.4438111111111111 0.41384403669724773 0.35892358902132204 0.3897536071459082
1 0.3411 0.5722813455657493 0.3799633333333333 0.5064250764525994 0.30535888888888885 0.48014678899082575 0.25504333333333334 0.55032874617737 0.3411 0.5722813455657493
3 0.2752088888888889 0.6644816513761468 0.3220922222222222 0.5909762996941895 0.2461411111111111 0.5711559633027523 0.20207 0.646427370030581 0.2752088888888889 0.6644816513761468
4 0.20488222222222222 0.7593662079510703 0.2498911111111111 0.6826368501529052 0.18167555555555556 0.6647087155963303 0.1326811111111111 0.7432469418960245 0.20488222222222222 0.7593662079510703
6 0.4064833333333333 0.8161077981651377 0.4505544444444445 0.7348646788990826 0.3012288888888889 0.6969686544342507 0.25833 0.7754862385321101 0.4064833333333333 0.8161077981651377
6 0.46274444444444446 0.7179984709480123 0.5105655555555556 0.646427370030581 0.3652255555555555 0.6019373088685015 0.3211544444444444 0.6825359327217125 0.46274444444444446 0.7179984709480123
6 0.5265066666666667 0.6283738532110091 0.5668266666666667 0.5509992354740061 0.43836444444444445 0.5200496941896025 0.4271122222222222 0.5200496941896025 0.3905433333333333 0.5877522935779816 0.5265066666666667 0.6283738532110091
6 0.5762033333333333 0.5329449541284403 0.6165233333333333 0.4652423547400612 0.4829044444444444 0.42598776758409784 0.44024 0.4968371559633028 0.5762033333333333 0.5329449541284403
6 0.6343399999999999 0.4420305810397554 0.6699711111111112 0.3756177370030581 0.5368211111111111 0.3324350152905199 0.49556333333333336 0.40205351681957185 0.6343399999999999 0.4420305810397554