5 0.7716104994294313 0.8659962509329304 0.5499931631492432 0 0.5364862228001002 0 0 0.16744866452873097 0 0.18522418711639993 0.2017694394754415 0.945807773665089 0.7716104994294313 0.8659962509329304
2 0.05638290223997389 0.2440266500536296 0.05323782285931522 0.2459774195492448 0.0746505704478575 0.34410367827645 0.3249812724205591 0.2688065539363912 0.29859819123081643 0.17447077309344716 0.05638290223997389 0.2440266500536296
1 0.3328703589733129 0.3119289300259941 0.08005554454489533 0.3756300651216048 0.10556983838127858 0.4566331104218978 0.3604373844762458 0.39952882934793427 0.3328703589733129 0.3119289300259941
4 0.4254538939186565 0.6602958057846083 0.39418396493844987 0.5693253499580988 0.1498704980604348 0.6305799474286159 0.16149249180599579 0.7153730016508094 0.4254538939186565 0.6602958057846083
3 0.4568771154008486 0.7748464852148548 0.43671700783460454 0.6939887101701314 0.17388795624867875 0.7456099929393047 0.19813158839391615 0.8393589907080995 0.4568771154008486 0.7748464852148548
6 0.5441525766293995 0.1948370048271551 0.5275422312396284 0.09377016911809288 0.30833805505912654 0.1633916391458144 0.304389741594448 0.16208874613292307 0.3337469097027601 0.25803280289909586 0.5441525766293995 0.1948370048271551
6 0.34115271867611513 0.2958794303071851 0.3384112545969248 0.29423339009736327 0.3697061667274461 0.39077652719701716 0.39615460271530645 0.3820352944571988 0.5821279502515392 0.33566693113392915 0.5710397625690978 0.2911946393897267 0.5623185037320806 0.23325017977026735 0.34115271867611513 0.2958794303071851
6 0.5900170368042931 0.3787893072235321 0.37144544383013267 0.4376757400390625 0.3992673726939419 0.5208210266205686 0.616576004008499 0.46234610554104594 0.5900170368042931 0.3787893072235321
6 0.628496212774019 0.5216398743802758 0.4073245877873465 0.5683034920212708 0.43051566794262724 0.6461510934094945 0.654551226429454 0.6031754254129911 0.628496212774019 0.5216398743802758
6 0.6676553795081641 0.6557333127312172 0.4462959781261866 0.6919540339396076 0.4706819331945427 0.7842872279316127 0.6932062884136433 0.7352470100443047 0.6676553795081641 0.6557333127312172
0 0.3693337207479547 0.44669450804354316 0.12369672725171149 0.49956752985197017 0.13833014547746184 0.5880275255000487 0.393197691572429 0.5309232444260851 0.3693337207479547 0.44669450804354316