5 0.6272904471867814 0.4267545651644085 0.3325810704180995 0.4476981178728673 0.33387094413699026 0.8373509248880615 0.6371590398200279 0.8274549335392714 0.6272904471867814 0.4267545651644085
0 0.4721805844077249 0.48099542686129193 0.36820609645021224 0.47737128113783667 0.36713210423404014 0.5245553942107973 0.4649068340761194 0.5212241425478313 0.4721805844077249 0.48099542686129193
2 0.4685416324422239 0.5919842020799368 0.4685916703950929 0.5483925489646493 0.3695871050135903 0.5510133192506504 0.37537219836448077 0.5963571377479896 0.3798179783329073 0.5965005613536621 0.4685416324422239 0.5919842020799368
1 0.47500549540234405 0.6223719293774106 0.37190949798010114 0.6158980231982613 0.37582988516466564 0.6741687497206832 0.4688416679376918 0.6688953304404794 0.47500549540234405 0.6223719293774106
4 0.46223422590945346 0.7442433769902078 0.4679223027231657 0.695021859909791 0.378747030817155 0.7016799632782761 0.37383910597578945 0.7004832511548638 0.3779176808907202 0.7424195838642585 0.46223422590945346 0.7442433769902078
3 0.46591906222842705 0.7714117834070259 0.3787874465847379 0.7724221177353541 0.3864749421217875 0.8160200714130159 0.45939939678530467 0.8096528644531823 0.46591906222842705 0.7714117834070259
6 0.5766655373453536 0.4718443089980107 0.4785736404026477 0.47337681664941134 0.47594308645286565 0.5211328226167019 0.5738763998452584 0.5187009429595185 0.5766655373453536 0.4718443089980107
6 0.5728360277274255 0.5504118693708143 0.5648193975971222 0.5425520719131534 0.47438906110222695 0.5467953461908193 0.4757276061887135 0.5888624518969691 0.5725896675919963 0.5866194628686036 0.5728360277274255 0.5504118693708143
6 0.569285946577877 0.6242934861434677 0.5704780434850535 0.618519279908717 0.4748263407086942 0.6197882273222256 0.47527246256486144 0.6677614078403145 0.5728886088566274 0.663530784171566 0.569285946577877 0.6242934861434677
6 0.5867191130592895 0.6848532652872246 0.47877948989996255 0.6919698260691336 0.4777719634245716 0.7360116364608263 0.5880221976301675 0.7303536884541406 0.5867191130592895 0.6848532652872246
6 0.5843422869332401 0.7560595337617312 0.4811504842789576 0.763637572969726 0.481509536050024 0.8080200157039925 0.5865840587909981 0.8026476214509894 0.5843422869332401 0.7560595337617312