5 0.45703125 0.583984375 0.33203125 0.435546875
0 0.3525390625 0.455078125 0.07421875 0.0625
2 0.365234375 0.5234375 0.078125 0.060546875
1 0.3759765625 0.59375 0.08203125 0.06640625
4 0.38671875 0.6630859375 0.08203125 0.068359375
3 0.400390625 0.73046875 0.083984375 0.064453125
6 0.478515625 0.4306640625 0.16015625 0.080078125
6 0.4892578125 0.5009765625 0.150390625 0.078125
6 0.5029296875 0.5693359375 0.1484375 0.078125
6 0.51171875 0.638671875 0.1484375 0.076171875
6 0.525390625 0.708984375 0.150390625 0.078125