5 0.23412986748209835 0.4573268104299569 0.9253743722682412 0.6166414129132927 1 0.3360136641666489 1 0.21709131558415812 0.34584933858162925 0.1310402511058661 0.23412986748209835 0.4573268104299569
2 0.9186539506512683 0.3129767967294704 0.7443550613857647 0.2737323446548073 0.7443873135192587 0.2747019378091532 0.7401065793090345 0.3046802971110195 0.9346113975102546 0.35065067132007705 0.9186539506512683 0.3129767967294704
0 0.9664114906156283 0.2516176495976646 0.7702484221578901 0.21692239706524813 0.7727261304956902 0.25302471741288063 0.9548785035434644 0.29885939076481133 0.9664114906156283 0.2516176495976646
3 0.8895511736759638 0.475224675606763 0.7280121502998577 0.44382467030511036 0.719354804399023 0.4731789669382076 0.8855337034537514 0.5087910652693015 0.8895511736759638 0.475224675606763
4 0.912416280122739 0.4249532916823751 0.7307693125523351 0.39168786164343045 0.7277542653259448 0.4208324058758334 0.9028139216270032 0.45618488768861765 0.912416280122739 0.4249532916823751
6 0.5560919004290829 0.23158759733510054 0.4012331140326225 0.1977607789488003 0.38792393404235126 0.23429054742039904 0.5460728162266002 0.27248221525688665 0.5560919004290829 0.23158759733510054
6 0.5739366102394545 0.1717245507129509 0.4093576317372519 0.1453219357638864 0.4068910201345301 0.17930247733868987 0.5505570520776802 0.2174727948040321 0.5739366102394545 0.1717245507129509
6 0.3670283959871412 0.3482306412378969 0.49726423404098674 0.38323519286450597 0.5038578919074513 0.3765734266900244 0.5096724294407693 0.33300491651034625 0.3858976024555615 0.3110409002794299 0.37546608901831413 0.3048224736688515 0.3491349726340867 0.29656148212220734 0.3670283959871412 0.3482306412378969
6 0.5145457280137603 0.3920858946890382 0.3548268455644287 0.36197117802135603 0.34368538508013896 0.39799081940270153 0.5210361152447334 0.45910884431444915 0.5145457280137603 0.3920858946890382
6 0.5223443161145308 0.3200256100596978 0.5407650961904534 0.2891462446847505 0.38642972271943543 0.2526267002308553 0.37892854408869503 0.2912169188801416 0.5223443161145308 0.3200256100596978
1 0.9090146351864665 0.36445202352848205 0.7623074040017541 0.3312782178862449 0.744660177512966 0.36882709699637306 0.8917162313923511 0.40020636544387 0.9090146351864665 0.36445202352848205