5 0.6232826301802862 0.4201930782131247 0.33007324322808873 0.45653182555743166 0.3517542014777642 0.8455831201683182 0.6541087351961059 0.8198278184270673 0.6232826301802862 0.4201930782131247
0 0.47122408744173894 0.48247742768542423 0.36720241977438217 0.48429985297985423 0.3685993251043648 0.531475510275343 0.46606571383604734 0.5230316899943241 0.47122408744173894 0.48247742768542423
2 0.47339882621673735 0.5935045446758361 0.47116738474433173 0.5499700136220221 0.37243566219783397 0.557768690835088 0.3805859393801102 0.602747598812608 0.3850331327731519 0.6026581517153202 0.47339882621673735 0.5935045446758361
1 0.4814442014434826 0.6235123342001201 0.3781506754321365 0.6224429278943047 0.385115344055838 0.6804286191990551 0.4777236679724591 0.6702945663634121 0.4814442014434826 0.6235123342001201
4 0.4750686932810995 0.7458851578309011 0.47817291961909325 0.6964334061897413 0.3894683175305351 0.7077494579873848 0.38450448775626556 0.7068112468560879 0.39077225119969294 0.7484766511607024 0.4750686932810995 0.7458851578309011
3 0.4801703641893839 0.772823481458599 0.3932110362099105 0.778392547582549 0.4031697368974582 0.8215284193498791 0.47566101726547766 0.811353367357584 0.4801703641893839 0.772823481458599
6 0.57508691487863 0.46787053118614164 0.47720965472492766 0.4745346718152485 0.4770820620965518 0.522362902392511 0.5747538865392444 0.5148089219374481 0.57508691487863 0.46787053118614164
6 0.5753745618723262 0.5465308384958323 0.5669575682391792 0.5391013706211385 0.47687323919450514 0.5480715877727116 0.48041157205497564 0.59001098793544 0.5770234983938629 0.5827017042383801 0.5753745618723262 0.5465308384958323
6 0.5756960110481831 0.6204969999721245 0.5765842756231394 0.6146683175547671 0.4811300717574089 0.6209415492510137 0.48408630449550666 0.6688256359785467 0.5813472575161792 0.659491975871572 0.5756960110481831 0.6204969999721245
6 0.596274739932165 0.680061402605147 0.4888554962886646 0.692817333782384 0.4901543208548117 0.7368515162651189 0.5999573468268259 0.7254312708463784 0.596274739932165 0.680061402605147
6 0.5976278193148209 0.7512944788315828 0.494974041368086 0.7642627742685597 0.4976553986520743 0.8085656010897722 0.602304751020907 0.7977013938919579 0.5976278193148209 0.7512944788315828