5 0.8418840660815222 0.18170281783825248 0.1686286918505543 0.1760181136224997 0.1620565432729404 0.18024012917561083 0.1594542656437786 0.6953861117264358 0.8236841637883875 0.7824005530741367 0.8418840660815222 0.18170281783825248
2 0.508655670458491 0.30361834991999315 0.1737026852767963 0.2925500304135984 0.16352346549022403 0.3652670632161943 0.5052150078535476 0.3865772852098806 0.508655670458491 0.30361834991999315
0 0.5035255653470347 0.5585996375791291 0.5062955100391957 0.48330704311274403 0.17825736765031783 0.4586496814579216 0.1852161020270628 0.46637494708915894 0.1704540002895657 0.526026587649365 0.5035255653470347 0.5585996375791291
1 0.179204532684628 0.44782353557640964 0.48657770255327454 0.4687067142968489 0.4741198463720738 0.3929407532321125 0.17608196960871053 0.37528607366173683 0.179204532684628 0.44782353557640964
4 0.5029293655943015 0.565414231935763 0.17554026112719753 0.5333383328885887 0.1674605011172569 0.6038744215163554 0.5035750826897982 0.6452976152799031 0.5029293655943015 0.565414231935763
3 0.4969982952341638 0.6550226672431072 0.17165243508961928 0.621408369601373 0.17137844795254328 0.619090043116742 0.17575740496562883 0.683568303615394 0.4941538323819535 0.7311670081763609 0.4969982952341638 0.6550226672431072
6 0.8180485350299789 0.3886962117826429 0.8189988443520676 0.3123861538885261 0.5619466274877386 0.3053476684406775 0.5632445812651271 0.3123279797581746 0.57084560772277 0.3072617995194049 0.5625923990555746 0.3852304291631313 0.8096521122042722 0.3974038003181154 0.8180485350299789 0.3886962117826429
6 0.5673060146206209 0.39680152935838353 0.5720471739545907 0.4018804421620539 0.5646105880885091 0.4712423773579001 0.8107760288442766 0.49363732873699184 0.8201227609920719 0.40861968230740253 0.5673060146206209 0.39680152935838353
6 0.8138936179917373 0.5016351034822206 0.5674895883901984 0.48196723508915507 0.5699699752213914 0.5626962382756062 0.8028763412663072 0.5839311709286551 0.8138936179917373 0.5016351034822206
6 0.5698704562440565 0.6510977089101171 0.7946040084157525 0.6784843680763468 0.8056212851411826 0.5961883006299125 0.5653971413539031 0.5784916548739111 0.5698704562440565 0.6510977089101171
6 0.5618217323459888 0.7430950440355171 0.7994403303522035 0.7759009558341756 0.798870460548164 0.6951665696944959 0.5590263419244452 0.6605299736230326 0.5618217323459888 0.7430950440355171