5 0.39967470705797553 0.4556897541814972 0.4079861290874386 0.4775573850746765 0.3411346581401496 0.4886999027747296 0.3622794228259485 0.6056462651089967 0.5855187685278841 0.6008531068182641 0.6237774980085036 0.5674899386920366 0.5767312464236989 0.2741410550115411 0.32005745301188504 0.28496669987383794 0.31389477518779824 0.27824205069049635 0.34654449783431074 0.45548667959599126 0.39967470705797553 0.4556897541814972
0 0.4491813857466215 0.3312887862433331 0.4431799396239401 0.2877389216475801 0.3344011079932161 0.2933681123334807 0.33187741799801723 0.299554176704196 0.3408789892512189 0.3373628675643629 0.4491813857466215 0.3312887862433331
2 0.44790004964246066 0.3493683838043459 0.3465587695396177 0.3578827774102491 0.3550921014326087 0.4085711707062696 0.4537512005340795 0.4016044483369638 0.44790004964246066 0.3493683838043459
1 0.41486072164266286 0.4711605159680191 0.46124267780492567 0.4705224749066545 0.45328370804775703 0.42838707494104883 0.3547509657540037 0.4281148206444306 0.3537284550703102 0.43136631979781165 0.3592258031616246 0.4484678425862585 0.4027227090351858 0.4470541339040293 0.41486072164266286 0.4711605159680191
4 0.36539804421155286 0.5376367629517808 0.47661078659665396 0.5308891652410764 0.4666450938084468 0.49306265336230615 0.35999559038373286 0.4969595485099163 0.36539804421155286 0.5376367629517808
3 0.4723559261989359 0.5532617675247259 0.3683061759078727 0.5647541469570481 0.37684112900437383 0.6015555328535603 0.48511826452657003 0.5969286517182779 0.4723559261989359 0.5532617675247259
6 0.5697934927785111 0.28415642053876455 0.4508417749600396 0.2914932505969444 0.45781000503134445 0.3350599904692922 0.5777524625356798 0.3262918205043701 0.5697934927785111 0.28415642053876455
6 0.5774239486867304 0.3451123663058557 0.4633274612488937 0.3510853113932852 0.46728426690988406 0.4011163522230884 0.5842026608603541 0.39953657926469344 0.5774239486867304 0.3451123663058557
6 0.5888291333627942 0.411202432442454 0.4698710613447567 0.41890329434996176 0.4786881290360866 0.4672063952744931 0.5975766684506995 0.46348905354927517 0.5888291333627942 0.411202432442454
6 0.603250940588188 0.5258584951193114 0.598278116954232 0.4787069862943934 0.4841676678229833 0.4854040043457008 0.4949093041122715 0.5341048415023621 0.499726617062254 0.5349132446788265 0.603250940588188 0.5258584951193114
6 0.6062422848504162 0.5758726837577134 0.6019316870533747 0.5461103808275388 0.48811734646176613 0.5496374807169366 0.4966951298177487 0.5978550433197435 0.5837015460806313 0.5943055137310055 0.6062422848504162 0.5758726837577134