5 0.48778426791277263 0.8394218750000001 0.4856518691588785 0.27421125 0.23456308411214952 0.282569375 0.21697118380062305 0.83172625 0.48778426791277263 0.8394218750000001
0 0.4611292834890966 0.308414375 0.46539408099688473 0.281051875 0.2532211838006231 0.28898625 0.2542873831775701 0.31782062499999997 0.4611292834890966 0.308414375
2 0.2489563862928349 0.421285625 0.46326246105919 0.41701 0.46326246105919 0.3887925 0.2518886292834891 0.39380000000000004 0.2500225856697819 0.38622687499999997 0.2489563862928349 0.421285625
1 0.4664602803738317 0.522185625 0.4685934579439252 0.487126875 0.2518886292834891 0.49326625 0.251088785046729 0.520475625 0.4664602803738317 0.522185625
4 0.4685934579439252 0.638476875 0.46326246105919 0.5999981249999999 0.24682398753894083 0.60256375 0.2436253894080997 0.6367668750000001 0.4685934579439252 0.638476875
3 0.4440708722741433 0.75562375 0.4472694704049844 0.723130625 0.243892523364486 0.71893625 0.24682398753894083 0.7573337499999999 0.4440708722741433 0.75562375
6 0.3459805295950156 0.818045 0.3459805295950156 0.7607543750000001 0.23722819314641744 0.7617175 0.2436253894080997 0.8129143750000001 0.3459805295950156 0.818045
6 0.3470467289719626 0.7043187500000001 0.3438481308411215 0.6453175 0.23722819314641744 0.649416875 0.23722819314641744 0.7034637499999999 0.3470467289719626 0.7043187500000001
6 0.3491791277258567 0.5897375 0.3481129283489096 0.532446875 0.23722819314641744 0.5339081250000001 0.23616199376947042 0.586316875 0.3491791277258567 0.5897375
6 0.3491791277258567 0.48370687500000004 0.3502453271028037 0.42641625 0.24255919003115267 0.43123375 0.24255919003115267 0.482851875 0.3491791277258567 0.48370687500000004
6 0.3523777258566978 0.37682125 0.3523777258566978 0.32466125 0.24255919003115267 0.32855874999999996 0.2414929906542056 0.382806875 0.3523777258566978 0.37682125
0 0.8417616822429905 0.60256375 0.8321658878504673 0.533301875 0.6125295950155764 0.535011875 0.6210591900311526 0.599143125 0.8417616822429905 0.60256375
2 0.855622274143302 0.7821312500000001 0.8417616822429905 0.712014375 0.6103971962616822 0.707171875 0.6146619937694704 0.78384125 0.855622274143302 0.7821312500000001
6 0.8417616822429905 0.702608125 0.8279010903426792 0.611114375 0.6093309968847351 0.622230625 0.6221253894080997 0.6957675000000001 0.8417616822429905 0.702608125
6 0.6135957943925233 0.8898718750000001 0.8502912772585669 0.8950024999999999 0.8406954828660436 0.7932475 0.6143956386292835 0.790595 0.6082647975077881 0.7975225 0.6135957943925233 0.8898718750000001