5 0.490234375 0.4775390625 0.654296875 0.5546875
6 0.2958984375 0.4248046875 0.173828125 0.130859375
6 0.4853515625 0.455078125 0.16015625 0.119140625
6 0.6865234375 0.48046875 0.15625 0.11328125
6 0.2685546875 0.6103515625 0.1640625 0.1171875
6 0.7465617182108628 0.6132989823020705 0.607242454093942 0.597982746133739 0.6076948921944848 0.603116730918015 0.5955635629755511 0.6956920622028284 0.7388473824781041 0.7099487803807355 0.7465617182108628 0.6132989823020705
0 0.3056640625 0.3369140625 0.109375 0.06640625
2 0.501953125 0.37109375 0.126953125 0.072265625
1 0.69140625 0.400390625 0.119140625 0.064453125
4 0.2763671875 0.5244140625 0.171875 0.08203125
3 0.6669921875 0.5732421875 0.150390625 0.07421875