5 0.6795092592592592 0.6165734126984126 0.6505330687830687 0.27558432539682537 0.3006362433862434 0.27546230158730156 0.3346838624338624 0.6209176587301587 0.6795092592592592 0.6165734126984126
0 0.4544550264550264 0.3429136904761904 0.4554206349206349 0.28789186507936504 0.3199537037037037 0.28542261904761906 0.32792195767195764 0.34146527777777774 0.4544550264550264 0.3429136904761904
2 0.4631481481481481 0.4124146825396825 0.458318783068783 0.35160119047619043 0.3247830687830688 0.3542430555555555 0.3240595238095238 0.4124146825396825 0.4631481481481481 0.4124146825396825
1 0.4679775132275132 0.4746755952380952 0.4641137566137566 0.41893055555555553 0.32599074074074075 0.42306349206349203 0.3327526455026455 0.4797430555555555 0.4679775132275132 0.4746755952380952
4 0.4718412698412698 0.5427291666666667 0.4679775132275132 0.4869831349206349 0.3356494708994709 0.49097817460317456 0.33661507936507934 0.5470724206349206 0.4718412698412698 0.5427291666666667
3 0.4766706349206349 0.6078859126984126 0.4718412698412698 0.556484126984127 0.34047883597883594 0.5616091269841269 0.34337698412698414 0.6129533730158729 0.4766706349206349 0.6078859126984126
6 0.6495661375661376 0.59775 0.6447367724867724 0.552139880952381 0.5167552910052909 0.5579871031746032 0.5182050264550264 0.602094246031746 0.6495661375661376 0.59775
6 0.648600529100529 0.5333174603174602 0.6447367724867724 0.4790198412698412 0.510718253968254 0.48645039682539676 0.5143412698412698 0.5434523809523809 0.648600529100529 0.5333174603174602
6 0.6408730158730158 0.4696081349206349 0.6389417989417989 0.4182063492063492 0.4986455026455026 0.4221577380952381 0.5075793650793651 0.47177976190476184 0.6408730158730158 0.4696081349206349
6 0.6428055555555555 0.40879464285714284 0.6331468253968253 0.35015277777777776 0.49985185185185177 0.3542430555555555 0.5056481481481481 0.4124146825396825 0.6428055555555555 0.40879464285714284
6 0.6331468253968253 0.33639781746031744 0.6283174603174603 0.2849960317460317 0.4889854497354497 0.2845178571428571 0.4969550264550264 0.33494940476190477 0.6331468253968253 0.33639781746031744