5 0.6767604090291054 0.2956024520579823 0.3294865324715173 0.2528396414247742 0.3211799481789906 0.5998693876986375 0.6639644991977092 0.6375811677185753 0.6767604090291054 0.2956024520579823
0 0.4816024018815308 0.28404002900106484 0.34744614602010077 0.26507992239428213 0.3485251238094687 0.3216759335238456 0.47393851718093505 0.3385340519852745 0.4816024018815308 0.28404002900106484
2 0.47671473401796566 0.34762767015925433 0.3438524123344177 0.33397593335579634 0.3360449225700215 0.3916257799027561 0.4740968013944086 0.40857641922602944 0.47671473401796566 0.34762767015925433
1 0.4742611271947848 0.41516140198220786 0.3366639810783723 0.402430570954555 0.33646798244029785 0.45951172246881405 0.4713024725684426 0.47096180007380123 0.4742611271947848 0.41516140198220786
4 0.4698025607883987 0.48317760122187886 0.3379739987584817 0.47101613085183086 0.332096240792318 0.526809936949552 0.46684378525993014 0.5389789839822735 0.4698025607883987 0.48317760122187886
3 0.46516747727747737 0.5526314169113478 0.3341596186921296 0.5417091623755926 0.3307788749319393 0.593023891595233 0.46369654312702013 0.6042386130608399 0.46516747727747737 0.5526314169113478
6 0.6373036734758424 0.5693902136158656 0.5095635494170766 0.5595968324141577 0.5056271702191324 0.6035518856242792 0.6365385659392733 0.6152489133037684 0.6373036734758424 0.5693902136158656
6 0.6462147647017118 0.4968151996211 0.512289642970794 0.48785762008634126 0.5089388590545451 0.54487625463309 0.6434325062777785 0.5511789659316966 0.6462147647017118 0.4968151996211
6 0.647874286358737 0.4357487724846348 0.5081421842108902 0.4225728908081361 0.510962051528812 0.4729138035258197 0.6435268064169488 0.4870027732222213 0.647874286358737 0.4357487724846348
6 0.6504161517341854 0.3674962324367823 0.5176162592418677 0.35531145099912714 0.5162800128391647 0.41375586632074823 0.6528562415896996 0.42687809304894764 0.6504161517341854 0.3674962324367823
6 0.6535633938670955 0.3022366033582158 0.5153282177883949 0.2847816923510735 0.5170923308963823 0.3358085779437071 0.6520924597166382 0.35384379950770795 0.6535633938670955 0.3022366033582158