5 0.7619758333333334 0.61326125 0.7798816666666667 0.120861875 0.5172683333333333 0.1283225 0.4894158333333333 0.601324375 0.7619758333333334 0.61326125
0 0.6804066666666667 0.17308625 0.6804066666666667 0.1283225 0.5206841666666667 0.13175875 0.5219666666666667 0.17906937500000003 0.6804066666666667 0.17308625
2 0.688365 0.268581875 0.6843858333333334 0.22829437500000002 0.52261 0.22603375 0.5250775 0.27030750000000003 0.688365 0.268581875
1 0.7022916666666668 0.35810875000000003 0.7062700000000001 0.32528250000000003 0.5167075 0.32159437500000004 0.5179408333333334 0.36555750000000004 0.7022916666666668 0.35810875000000003
4 0.517595 0.4584475 0.6764275 0.45658875000000004 0.6724491666666667 0.416301875 0.5171858333333335 0.4147925 0.5167733333333334 0.41262625 0.517595 0.4584475
3 0.7062700000000001 0.5491 0.7022916666666668 0.513289375 0.5164291666666667 0.50954125 0.5184841666666667 0.551338125 0.7062700000000001 0.5491
6 0.7301441666666667 0.217849375 0.7221858333333334 0.17607 0.5853783333333333 0.18438187500000003 0.5853783333333333 0.230511875 0.7301441666666667 0.217849375
6 0.7241758333333334 0.3148375 0.7201966666666667 0.277534375 0.6859733333333334 0.264491875 0.5901816666666667 0.270064375 0.5930583333333334 0.318670625 0.7241758333333334 0.3148375
6 0.7142283333333334 0.410333125 0.7182075000000001 0.371538125 0.5850341666666667 0.35991187500000005 0.5862683333333334 0.41068687500000006 0.7142283333333334 0.410333125
6 0.7201966666666667 0.510305 0.7082600000000001 0.46404937500000004 0.5749633333333334 0.461065 0.5947041666666667 0.50979875 0.7201966666666667 0.510305
6 0.588455 0.6041225 0.7142283333333334 0.602816875 0.7122391666666668 0.5610375 0.5847566666666667 0.555824375 0.5851658333333334 0.556445625 0.588455 0.6041225