5 0.5189160472268696 0.3230754123484032 0.22031965119855945 0.27562266317674855 0.15357714263097919 0.6249679286388712 0.4682805384903291 0.654688550751033 0.5189160472268696 0.3230754123484032
0 0.2822265625 0.322265625 0.126953125 0.05859375
2 0.283203125 0.3857421875 0.138671875 0.0546875
1 0.33402366845883424 0.4874853413071111 0.34484183147959374 0.4414540984176719 0.20507235691879655 0.4220031411810147 0.20559042563888524 0.42235952295617785 0.1988078594867569 0.46501091671000183 0.33402366845883424 0.4874853413071111
3 0.31387244727197827 0.5039779633739166 0.1956871438604277 0.4863558467691826 0.19001596105367854 0.5364090471350518 0.2971994938176858 0.5561094065094061 0.31387244727197827 0.5039779633739166
4 0.2961123430652334 0.5638912769517689 0.18918437474563154 0.5521838402096799 0.18070072245803434 0.5997610712853028 0.28233927756362404 0.6133779384900461 0.2961123430652334 0.5638912769517689
6 0.41015625 0.5966796875 0.09765625 0.046875
6 0.421875 0.5361328125 0.091796875 0.05078125
6 0.4326171875 0.4736328125 0.099609375 0.052734375
6 0.4443359375 0.412109375 0.09765625 0.052734375
6 0.4541015625 0.34765625 0.09375 0.052734375