5 0.879120762332307 0.22769123418402637 0.20627851997181404 0.04347637238442237 0 0.6513060781504745 0 0.7137585928860244 0.7731921590642422 0.897265503333476 0.879120762332307 0.22769123418402637
0 0.524600524240081 0.14650575424779694 0.23438406891240143 0.06403054742623526 0.20375798810092777 0.14809833008034767 0.4932136359359529 0.22693411428848276 0.524600524240081 0.14650575424779694
2 0.16184128153737232 0.27413634387233987 0.48480271926450696 0.3559044459606264 0.504624442804768 0.2607957334293852 0.20602985266506696 0.183790003040793 0.16184128153737232 0.27413634387233987
1 0.4458547594054987 0.3950475464555909 0.16680563727287917 0.31741288076608626 0.13436569684560384 0.402402510672548 0.4336990384602413 0.48472015742225993 0.4458547594054987 0.3950475464555909
4 0.3964732375331069 0.6274550862332151 0.41937578556467375 0.5282532519748494 0.10106123265796274 0.44486007085606105 0.1042642692489929 0.4494988642894886 0.07245766504941979 0.5502480040650886 0.3964732375331069 0.6274550862332151
3 0.372315070904239 0.7876187915705901 0.3798579369023932 0.671659795677336 0.05469989425145706 0.5994012954757375 0.048968105291259924 0.5964692760376171 0.03188676426399194 0.6982158176333512 0.372315070904239 0.7876187915705901
6 0.7514370382131921 0.8667392808562104 0.77362805873333 0.7613680156176189 0.4293914234734712 0.676892776670667 0.4132878413719954 0.6841820833563412 0.41649071982674535 0.7906116060122828 0.7514370382131921 0.8667392808562104
6 0.7870395388702975 0.6107329245906501 0.4661706875338542 0.5291522302660985 0.4408340284998778 0.638897357606731 0.7765700656814807 0.711604384541972 0.7870395388702975 0.6107329245906501
6 0.8127429550798767 0.5734301166155022 0.8046935898658394 0.46948530462661975 0.4860902858593356 0.3850312279593119 0.46314942421044264 0.48671557004381855 0.7883248589834057 0.5774015271481955 0.8127429550798767 0.5734301166155022
6 0.840711038735778 0.3504920534048813 0.5264263581392198 0.2681562467501444 0.5040133598396689 0.36523760815502126 0.8264484120996389 0.44928573619490525 0.840711038735778 0.3504920534048813
6 0.8516120831227307 0.3217821724441279 0.8665092692143862 0.23874764048756764 0.5534261084368423 0.15120747972429655 0.5240674919642998 0.24135815906581104 0.800112898255935 0.313495617647912 0.8516120831227307 0.3217821724441279