5 0.521484375 0.416015625 0.595703125 0.703125
6 0.5234375 0.619140625 0.2890625 0.09375
6 0.5439453125 0.490234375 0.265625 0.0859375
6 0.5419921875 0.3759765625 0.248046875 0.076171875
6 0.5576171875 0.2763671875 0.234375 0.0703125
6 0.5654296875 0.18359375 0.228515625 0.06640625
0 0.4892578125 0.1318359375 0.240234375 0.064453125
2 0.4736328125 0.2158203125 0.263671875 0.06640625
1 0.501953125 0.31640625 0.3671875 0.08984375
4 0.4404296875 0.419921875 0.283203125 0.0859375
3 0.4697265625 0.5458984375 0.39453125 0.103515625