5 0.6031116666666667 0.781789375 0.5698691666666666 0.10328875 0.2279475 0.21548187500000002 0.25406666666666666 0.701651875 0.6031116666666667 0.781789375
2 0.41644833333333336 0.26259375 0.39177000000000006 0.16773625 0.24061500000000002 0.21053750000000002 0.2467841666666667 0.300768125 0.41644833333333336 0.26259375
1 0.4087366666666667 0.3805875 0.41336333333333336 0.294984375 0.2483266666666667 0.315806875 0.2560383333333333 0.39446937499999996 0.4087366666666667 0.3805875
0 0.4087366666666667 0.4927975 0.4087366666666667 0.406036875 0.2544958333333333 0.416448125 0.2544958333333333 0.50320875 0.4087366666666667 0.4927975
4 0.4184391666666667 0.606560625 0.40789000000000003 0.524806875 0.2566891666666667 0.520411875 0.25200083333333334 0.593375 0.4184391666666667 0.606560625
3 0.41375083333333335 0.713808125 0.4125783333333334 0.6426031249999999 0.26020583333333336 0.6179887500000001 0.2660666666666667 0.69622625 0.41375083333333335 0.713808125
6 0.5719841666666666 0.219768125 0.5602633333333334 0.12219125 0.4032016666666667 0.16350750000000003 0.4102341666666667 0.241745 0.5719841666666666 0.219768125
6 0.5743283333333333 0.357783125 0.5731558333333334 0.27163375 0.4149225 0.29273125 0.41609500000000005 0.36833187500000003 0.5743283333333333 0.357783125
6 0.41726666666666673 0.487885625 0.5766725 0.494039375 0.5790166666666667 0.40437375000000003 0.421955 0.41668125000000006 0.42078333333333334 0.405253125 0.41726666666666673 0.487885625
6 0.583705 0.6241425 0.5848766666666667 0.591616875 0.56964 0.5432675 0.42429916666666667 0.53271875 0.4289883333333333 0.6100768750000001 0.583705 0.6241425
6 0.43133250000000006 0.7296312500000001 0.583705 0.7665525 0.5860491666666667 0.6751287499999999 0.4266441666666667 0.6522725 0.4266441666666667 0.72699375 0.43133250000000006 0.7296312500000001