5 0.3212890625 0.3916015625 0.294921875 0.25390625
1 0.212890625 0.3466796875 0.05078125 0.033203125
2 0.2177734375 0.3818359375 0.05859375 0.0390625
0 0.220703125 0.4140625 0.056640625 0.03515625
3 0.2265625 0.4453125 0.056640625 0.033203125
4 0.232421875 0.4775390625 0.052734375 0.03515625
6 0.3203125 0.33203125 0.126953125 0.046875
6 0.3271484375 0.3662109375 0.125 0.04296875
6 0.328125 0.4013671875 0.119140625 0.04296875
6 0.3271484375 0.43359375 0.107421875 0.0390625
6 0.3291015625 0.4658203125 0.111328125 0.046875