5 0.3623046875 0.5458984375 0.103515625 0.138671875
0 0.3310546875 0.50390625 0.029296875 0.02734375
2 0.3369140625 0.5263671875 0.029296875 0.0234375
1 0.3408203125 0.5478515625 0.02734375 0.025390625
4 0.34375 0.5703125 0.0234375 0.0234375
3 0.34765625 0.5908203125 0.0234375 0.02734375
6 0.3662109375 0.49609375 0.04296875 0.029296875
6 0.3720703125 0.517578125 0.044921875 0.02734375
6 0.376953125 0.5390625 0.04296875 0.02734375
6 0.380859375 0.55859375 0.041015625 0.025390625
6 0.3837890625 0.580078125 0.041015625 0.02734375
2 0.5716585955267103 0.5280119153348072 0.543254464541768 0.5340349050816219 0.5481846815729045 0.5538089255482977 0.5755901318300483 0.5494468755450324 0.5716585955267103 0.5280119153348072
1 0.5987740419115042 0.5224867233296684 0.5753715514845068 0.5277921417773097 0.5780314035804166 0.5460143167906969 0.6046471053114252 0.5413196954581225 0.5987740419115042 0.5224867233296684
0 0.5441140773076795 0.5516469746676401 0.5410111234967703 0.5335352773199102 0.5171024405718034 0.5398796409276176 0.5219875016238092 0.5545157166987471 0.5264489281843043 0.5544629577622627 0.5441140773076795 0.5516469746676401
6 0.5654296875 0.5634765625 0.02734375 0.025390625
6 0.59375 0.5595703125 0.029296875 0.02734375
6 0.537109375 0.5673828125 0.02734375 0.0234375