5 0.7993406548896997 0.13602934528339738 0.5366967650591403 0.12973562583397874 0.48412743050955814 0.6006315809820133 0.7556891687345874 0.6268167851432636 0.7993406548896997 0.13602934528339738
0 0.6996115229764437 0.13827362650885894 0.5399280776819664 0.1333459374766457 0.5387327732604628 0.18065884577322544 0.6972687693151736 0.182976029345229 0.6996115229764437 0.13827362650885894
2 0.6983531126579628 0.23831674702120142 0.5369172994528444 0.2275925271946977 0.5370643087871402 0.2719347405310675 0.7002183411778694 0.2787572878951764 0.6983531126579628 0.23831674702120142
1 0.7151313215687025 0.33631728195574984 0.5260216319354071 0.32271327669758 0.524952422841968 0.3666806994420535 0.7094404472193173 0.36889033484173395 0.7151313215687025 0.33631728195574984
4 0.678457681523364 0.46588174552943756 0.6765932524847637 0.42544187241221865 0.521621696737607 0.41580871093873156 0.521323134819732 0.41362384112711925 0.5197455764857917 0.4594252974072051 0.678457681523364 0.46588174552943756
3 0.7013189208195647 0.5238582901884079 0.5159073006222358 0.5103880101962518 0.5157720048950646 0.5522351544217762 0.7034176186822975 0.5598280478506816 0.7013189208195647 0.5238582901884079
6 0.7388345216765009 0.18814224285808623 0.6017795016742675 0.18928277538856797 0.5993652440127806 0.23534955582679645 0.7445953848487318 0.23028086766177325 0.7388345216765009 0.18814224285808623
6 0.7315378460034005 0.2893634595188733 0.6980440062682818 0.2745477229360157 0.6020919766354194 0.2750992375433302 0.6024208463572631 0.32378942746778694 0.7335592646427196 0.32682371537506494 0.7315378460034005 0.2893634595188733
6 0.7246316292738453 0.3831342757069319 0.5922492762767323 0.36455420533243127 0.5908243933826398 0.41532421125225805 0.7186275424943559 0.4216678550151856 0.7246316292738453 0.3831342757069319
6 0.7098560972448942 0.4749981303292694 0.5768982991466378 0.4650416367974893 0.5940615509464174 0.5147417542763675 0.7193555727587578 0.5218150804671547 0.7098560972448942 0.4749981303292694
6 0.7085537213768782 0.6138878127255013 0.7087538443358532 0.5720615899672878 0.5817188885533922 0.5601836908321793 0.5820949807585467 0.5608255035594083 0.5828844248928098 0.6086091807419528 0.7085537213768782 0.6138878127255013