5 0.5911108333333334 0.7040381250000001 0.6377775 0.199355625 0.17333333333333334 0.179368125 0.0822225 0.639079375 0.5911108333333334 0.7040381250000001
0 0.29483583333333335 0.28571437499999996 0.30432750000000003 0.212793125 0.204665 0.2048875 0.19754583333333336 0.2786 0.29483583333333335 0.28571437499999996
2 0.29009 0.36308250000000003 0.30670083333333337 0.2946075 0.185385 0.28497375 0.17619 0.35507875 0.29009 0.36308250000000003
1 0.3090733333333333 0.448454375 0.27822583333333334 0.413771875 0.30432750000000003 0.38353625 0.17263 0.36752875 0.1619525 0.436893125 0.3090733333333333 0.448454375
4 0.2628016666666667 0.53293625 0.27229333333333333 0.459125625 0.15868916666666666 0.44514625 0.14890083333333334 0.52404375 0.2628016666666667 0.53293625
3 0.11923916666666666 0.6005225000000001 0.25331 0.609415 0.2663608333333333 0.53649375 0.14385833333333334 0.528569375 0.144155 0.5311581249999999 0.11923916666666666 0.6005225000000001
6 0.474609375 0.2548828125 0.201171875 0.0830078125
6 0.5396033333333333 0.634315 0.5514675 0.554279375 0.335235 0.53858 0.3165483333333334 0.6227543750000001 0.5396033333333333 0.634315
6 0.5467216666666668 0.544496875 0.5585866666666667 0.467129375 0.3521425 0.4564575 0.33790416666666667 0.5249325 0.5467216666666668 0.544496875
6 0.5538408333333334 0.460015 0.5585866666666667 0.382646875 0.354515 0.372845625 0.34265 0.44311812500000003 0.5538408333333334 0.460015
6 0.5799433333333334 0.376421875 0.5799433333333334 0.297275 0.3693458333333333 0.29832125000000004 0.3580741666666667 0.360414375 0.5799433333333334 0.376421875