5 0.6329455148361353 0.1467902454490322 0.11917789890943273 0.20200180606532725 0.20939708468812257 0.7088473026044124 0.7418929465717501 0.6466135002249764 0.6329455148361353 0.1467902454490322
2 0.39793189683937313 0.1929628644660415 0.1907706068826232 0.21525060428490145 0.18897369782067736 0.26899519645255626 0.4104916135418794 0.24966738694999907 0.39793189683937313 0.1929628644660415
1 0.4127766637307259 0.26827762729327387 0.19515834574739524 0.29657203101356516 0.19668977187610914 0.3546306573131356 0.43104094656919906 0.3258559512313647 0.4127766637307259 0.26827762729327387
0 0.4138360674048382 0.34528501989002214 0.20192231555747428 0.37445322506444667 0.21742952575249921 0.43237007495644064 0.4324811919414524 0.40596505055199195 0.4138360674048382 0.34528501989002214
3 0.4268758658980956 0.4286925754808555 0.2222812277357234 0.44909093598387273 0.24073593142326705 0.5082201132839029 0.4416213926968384 0.4804060119250911 0.4268758658980956 0.4286925754808555
4 0.43896356014600035 0.504345864261991 0.23218311188739163 0.5297353108047301 0.23979994585021336 0.5917694452823128 0.45171369769757724 0.562601240107888 0.43896356014600035 0.504345864261991
6 0.5390625 0.5234375 0.171875 0.080078125
6 0.5341796875 0.4423828125 0.181640625 0.080078125
6 0.5087890625 0.3671875 0.166015625 0.072265625
6 0.505859375 0.2890625 0.17578125 0.076171875
6 0.490234375 0.212890625 0.16796875 0.078125