5 0.8555555555555555 0.82562875 0.8081477777777778 0.149386875 0.1111111111111111 0.12125 0.04074111111111111 0.820631875 0.8555555555555555 0.82562875
0 0.4319611111111111 0.23545937500000003 0.4444511111111111 0.150031875 0.14312 0.134955 0.13219 0.2237575 0.4319611111111111 0.23545937500000003
2 0.14243251628629214 0.25802333936573296 0.1197 0.35599437500000003 0.4527777777777778 0.36301625000000004 0.4506966666666667 0.26588625 0.14243251628629214 0.25802333936573296
1 0.4319611111111111 0.50002625 0.4236333333333333 0.40991750000000005 0.1342722222222222 0.39704500000000004 0.12178222222222222 0.48715375000000005 0.4319611111111111 0.50002625
4 0.0947188888888889 0.6451362500000001 0.4277977777777777 0.647476875 0.4277977777777777 0.545665625 0.09888222222222222 0.536015 0.10304666666666668 0.539814375 0.0947188888888889 0.6451362500000001
3 0.08847333333333333 0.798438125 0.4402877777777778 0.8089700000000001 0.4215522222222222 0.69428625 0.08847333333333333 0.697024375 0.08222888888888889 0.695456875 0.08847333333333333 0.798438125
6 0.4840044444444444 0.80194875 0.8274911111111111 0.8007787500000001 0.82541 0.6931162500000001 0.4709933333333333 0.6882425000000001 0.4569422222222222 0.6989675 0.4840044444444444 0.80194875
6 0.8170822222222223 0.64396625 0.8045922222222223 0.5433250000000001 0.47359555555555555 0.536015 0.47359555555555555 0.6486468750000001 0.8170822222222223 0.64396625
6 0.7983466666666666 0.5105587500000001 0.8212455555555556 0.50119625 0.7900200000000001 0.40172624999999995 0.46058444444444446 0.39110687499999996 0.46110555555555555 0.495345625 0.7983466666666666 0.5105587500000001
6 0.8066733333333334 0.377150625 0.7983466666666666 0.277680625 0.47359555555555555 0.26815375 0.47359555555555555 0.36778875 0.8066733333333334 0.377150625
6 0.7504666666666666 0.250765 0.8025100000000001 0.24725437500000003 0.7983466666666666 0.162996875 0.47359555555555555 0.14812875 0.4652688888888889 0.24257312500000003 0.7504666666666666 0.250765