5 0.4873046875 0.4794921875 0.5888671875 0.46875
6 0.287109375 0.4580078125 0.1591796875 0.1064453125
6 0.478515625 0.4580078125 0.146484375 0.0966796875
6 0.6806640625 0.451171875 0.1435546875 0.091796875
6 0.2890625 0.6455078125 0.1513671875 0.0947265625
6 0.76875 0.67 0.76125 0.5733333333333334 0.62125 0.5800000000000001 0.6225 0.5850000000000001 0.625 0.6783333333333333 0.76875 0.67
0 0.2822265625 0.369140625 0.1025390625 0.0517578125
2 0.4814453125 0.3720703125 0.119140625 0.0537109375
1 0.673828125 0.3720703125 0.1123046875 0.046875
4 0.283203125 0.55859375 0.166015625 0.056640625
3 0.6767578125 0.5458984375 0.1435546875 0.0517578125