5 0.6088000537789249 0.230463453139078 0.10871433386930814 0.28505682303803875 0.17840162051624056 0.745913450414307 0.6835001780352072 0.6735591570637343 0.6088000537789249 0.230463453139078
3 0.3704571158203255 0.6284215222521211 0.19387362564543645 0.6573164016718844 0.20178414443472245 0.7163889492324633 0.38195098541849576 0.6864992133700011 0.3704571158203255 0.6284215222521211
4 0.36240058859654345 0.5471990719976351 0.1805277564155023 0.5727453126709144 0.190333253081426 0.6301306685436586 0.370821234663772 0.6020622115194234 0.36240058859654345 0.5471990719976351
1 0.17053660079571742 0.5462826056561427 0.35588542931230616 0.5173570501683065 0.344230935149794 0.4583684118788903 0.16313952615005542 0.48301466196140813 0.16544024416231637 0.4889553996251305 0.163742953567448 0.48643686890312554 0.17053660079571742 0.5462826056561427
2 0.32711700324378384 0.36841296459403605 0.15131283140925367 0.39817633615123244 0.15974896089532858 0.44957604470689133 0.33950421994198526 0.4244545952830542 0.32711700324378384 0.36841296459403605
0 0.3260292662829909 0.28408318936129806 0.1424353999880809 0.30342020235158984 0.1522654608461326 0.36449611047850183 0.33630771897931855 0.34237519127178184 0.3260292662829909 0.28408318936129806
6 0.5794976730853939 0.25065920195187974 0.37421014998035684 0.2766480857788639 0.3910601733642471 0.34023374394839906 0.5901675581362036 0.31827361065382453 0.5794976730853939 0.25065920195187974
6 0.5956488953387022 0.33515005251039276 0.39171133008616704 0.35813640339430264 0.39748970174906995 0.4264387914341141 0.6032455568585702 0.39954990961624587 0.5956488953387022 0.33515005251039276
6 0.616002306452253 0.4790043142355946 0.6023303102995382 0.4156763371839774 0.40110256061554145 0.44692833224037876 0.3969495106676652 0.5157506931000503 0.6189149054188527 0.4813079186601499 0.616002306452253 0.4790043142355946
6 0.6162113233135034 0.5015067564992345 0.41536482809788167 0.5278136705194996 0.41690678751771565 0.6005097031591025 0.6276139309000024 0.5661741576007813 0.6162113233135034 0.5015067564992345
6 0.6289680729071861 0.5809611611185833 0.4331647194563116 0.614547305629174 0.437597716106694 0.6823221764157874 0.6422284871227844 0.6490574246088254 0.6289680729071861 0.5809611611185833