5 0.27828068138441836 0.1672324137293633 0.23087222222222226 0.50884125 0.9398152777777778 0.533333125 0.9675930555555556 0.125 0.27828068138441836 0.1672324137293633
2 0.8981291666666668 0.270466875 0.8752763888888888 0.23653 0.6966916666666667 0.23126437500000002 0.6969083333333334 0.23221 0.698426388888889 0.262454375 0.8981291666666668 0.270466875
0 0.9081416666666666 0.21576 0.9104486111111112 0.167185625 0.7112694444444445 0.1705575 0.7205902777777778 0.20552375 0.9081416666666666 0.21576
3 0.8801277777777778 0.43506625 0.8776666666666666 0.40135 0.7131041666666667 0.40135 0.7102069444444444 0.43181687500000004 0.8801277777777778 0.43506625
4 0.8870527777777778 0.380129375 0.8905194444444444 0.347639375 0.7058625000000001 0.34964500000000004 0.7084638888888889 0.37882937499999997 0.8870527777777778 0.380129375
6 0.5018138888888889 0.26787125 0.5038458333333333 0.22581625 0.3453777777777778 0.222159375 0.3392833333333333 0.2605575 0.5018138888888889 0.26787125
6 0.4957194444444445 0.213016875 0.5099402777777777 0.163648125 0.34334722222222225 0.16913375 0.3474097222222222 0.202960625 0.4957194444444445 0.213016875
6 0.3130888888888889 0.32908562500000005 0.34051250000000005 0.37639125 0.4750347222222222 0.3859025 0.4802361111111111 0.37810499999999997 0.47763055555555556 0.3342275 0.35193888888888886 0.33628437499999997 0.34051250000000005 0.332170625 0.3130888888888889 0.32908562500000005
6 0.5128472222222222 0.45584625 0.4936875 0.39129312499999996 0.33115694444444443 0.39220750000000004 0.32709305555555557 0.42969124999999997 0.5128472222222222 0.45584625
6 0.3413152777777778 0.31815437500000004 0.4875930555555556 0.31906875 0.49978333333333336 0.28524187500000003 0.3413152777777778 0.278841875 0.3413152777777778 0.31815437500000004
1 0.8654777777777778 0.327296875 0.8756361111111111 0.28889875 0.7252944444444445 0.2843275 0.7151361111111112 0.32455375 0.8654777777777778 0.327296875