5 0.52734375 0.576171875 0.423828125 0.41015625
2 0.51171875 0.4736328125 0.251953125 0.021484375
1 0.515625 0.5341796875 0.25390625 0.0234375
0 0.443359375 0.599609375 0.107421875 0.01953125
3 0.47265625 0.66015625 0.15625 0.01953125
4 0.486328125 0.7216796875 0.193359375 0.0234375
6 0.5283203125 0.501953125 0.18359375 0.05078125
6 0.5302734375 0.5654296875 0.185546875 0.05078125
6 0.529296875 0.626953125 0.181640625 0.052734375
6 0.53125 0.6884765625 0.177734375 0.048828125
6 0.5322265625 0.7509765625 0.1796875 0.05078125