5 0.7404706357748743 0.34976290700083335 0.2747127470464379 0.3973769227389956 0.2642532262223144 0.6055948928489151 0.7413931252873397 0.5573194538356082 0.7404706357748743 0.34976290700083335
0 0.42088009813973265 0.38753083740699473 0.2898550817833718 0.4006729796554211 0.28230472727798883 0.4325293388723306 0.4180793653345758 0.4180679045427613 0.42088009813973265 0.38753083740699473
2 0.42936279093489604 0.42993752522613826 0.2838843654045467 0.44206666922522636 0.2811074141903455 0.4761252116569731 0.4248601298442966 0.4599474510128952 0.42936279093489604 0.42993752522613826
1 0.42566180161888356 0.4664765436666608 0.30583933548473907 0.4775070738388336 0.28442026666436654 0.4797661152443952 0.291479736964585 0.5072537962399923 0.42277202802470126 0.49628843177038434 0.42566180161888356 0.4664765436666608
4 0.42052470401652264 0.5046647474586242 0.2990696227859973 0.5157326469055336 0.2884900000978124 0.5495968975652143 0.42130744023330247 0.5377075267762085 0.42052470401652264 0.5046647474586242
4 0.4287402744446099 0.544895898181639 0.29601187509814514 0.5575104480026879 0.29446909283294626 0.5849473513815828 0.4325706279078336 0.5760916237277257 0.4287402744446099 0.544895898181639
6 0.5775386708376643 0.3697684367726961 0.4488139516800821 0.3849718577710978 0.44559300770797955 0.4154257659113291 0.5783200285181226 0.4028113853532571 0.5775386708376643 0.3697684367726961
6 0.5728469295171096 0.41158377640756383 0.4376947220629728 0.4277867114102312 0.4505813484385711 0.4560525409220428 0.5846553605776975 0.4410631756391421 0.5728469295171096 0.41158377640756383
6 0.5744313375084764 0.45115564837891353 0.4402474219614749 0.46523852569411983 0.4435655433406989 0.49226245569658916 0.5796964207217271 0.4807023578365362 0.5744313375084764 0.45115564837891353
6 0.5742233978890537 0.48947536923218765 0.4450798461008475 0.5045954619720774 0.436971139801021 0.5052479028802952 0.43905195976653455 0.5355287737368876 0.5781427921413028 0.5213962738103174 0.5742233978890537 0.48947536923218765
6 0.5707005663194317 0.5274653660781408 0.4399695006546878 0.5463293343724672 0.4376764889325009 0.5776736681160993 0.5766782043499041 0.5628153688161414 0.5707005663194317 0.5274653660781408