5 0.35546875 0.51171875 0.076171875 0.1240234375
0 0.3349609375 0.462890625 0.0244140625 0.021484375
2 0.3349609375 0.486328125 0.0263671875 0.0185546875
1 0.333984375 0.5078125 0.0224609375 0.0205078125
4 0.3310546875 0.5302734375 0.0205078125 0.0185546875
3 0.330078125 0.55078125 0.01953125 0.0224609375
6 0.37109375 0.4638671875 0.0390625 0.01953125
6 0.37109375 0.486328125 0.0419921875 0.017578125
6 0.37109375 0.5078125 0.0400390625 0.0185546875
6 0.3701171875 0.5283203125 0.0380859375 0.017578125
6 0.3681640625 0.5498046875 0.037109375 0.0185546875
2 0.5613825 0.566265 0.5627533333333333 0.5445156250000001 0.5337358333333333 0.543488125 0.5337358333333333 0.5638675 0.5613825 0.566265
1 0.5915425000000001 0.56540875 0.5904 0.5457143750000001 0.5664091666666667 0.545200625 0.5645816666666668 0.563525 0.5915425000000001 0.56540875
0 0.5124875000000001 0.55924375 0.5303091666666667 0.560785 0.53168 0.542460625 0.5069466666666667 0.5428325 0.5081458333333333 0.558215625 0.5124875000000001 0.55924375
6 0.5478515625 0.5771484375 0.0234375 0.01953125
6 0.576171875 0.580078125 0.025390625 0.0224609375
6 0.51953125 0.57421875 0.0244140625 0.017578125