5 0.447265625 0.578125 0.287109375 0.408203125
0 0.359375 0.4375 0.068359375 0.0546875
2 0.36328125 0.5068359375 0.072265625 0.052734375
1 0.3662109375 0.578125 0.076171875 0.056640625
4 0.3671875 0.6484375 0.076171875 0.060546875
3 0.373046875 0.716796875 0.078125 0.056640625
6 0.486328125 0.427734375 0.154296875 0.0625
6 0.4892578125 0.4990234375 0.14453125 0.0625
6 0.494140625 0.5693359375 0.142578125 0.0625
6 0.4951171875 0.638671875 0.142578125 0.060546875
6 0.5 0.7099609375 0.14453125 0.0625