5 0.6341798455780105 0.2478799133410604 0.2024041221493248 0.3538364003188685 0.23189548963345946 0.5754876574050374 0.6523975666968738 0.4989775712772723 0.6341798455780105 0.2478799133410604
0 0.39813148188367614 0.311884516181564 0.21271999178541467 0.3593179665247627 0.2220649126259845 0.39248685840429465 0.3971726247763377 0.35397873799760315 0.39813148188367614 0.311884516181564
2 0.4244484961128111 0.3542616357726981 0.2145038457577422 0.4023657410685625 0.22096638200816068 0.43976768461746607 0.4276837390497058 0.3959542845193277 0.4244484961128111 0.3542616357726981
1 0.4038199112481272 0.44955527033179976 0.4028392059705229 0.41116401505627004 0.22443007554189512 0.4479187374154591 0.21559860314167542 0.4526965607310269 0.23094248497676723 0.4797796481949435 0.4038199112481272 0.44955527033179976
3 0.41207083068964484 0.4539368437151897 0.22333260333236443 0.4952038086724328 0.2587568345096752 0.5224269295500267 0.42577755250929333 0.48593576737746064 0.41207083068964484 0.4539368437151897
4 0.24375376863598455 0.5358270402419205 0.2467106197098736 0.5659979172131665 0.42242448423217915 0.5299152001195321 0.43239131193536784 0.4952331769592048 0.25024048858498793 0.5342097193120325 0.24375376863598455 0.5358270402419205
6 0.6152542936677803 0.2983172481330229 0.6129259554370147 0.2602619954902704 0.48570056567658787 0.29125626522149123 0.48548915001504167 0.30620198814377864 0.4825284576255497 0.3230383565547291 0.6152542936677803 0.2983172481330229
6 0.6125831283405703 0.3105737829783964 0.4856279539182495 0.341210820375775 0.4863938023123244 0.37874033175940586 0.6218035277877973 0.3475547852809192 0.6125831283405703 0.3105737829783964
6 0.6179232065861435 0.35496166079939945 0.4887351206595071 0.38956611254230433 0.5016234588489962 0.4225942171976407 0.628201560723065 0.39618588759989304 0.6179232065861435 0.35496166079939945
6 0.626878179550201 0.4081070262473181 0.49879974470408345 0.43424465321672445 0.49445536385991856 0.434049223982278 0.4997817976146409 0.47263557248962146 0.6408858049052111 0.4413185491352378 0.626878179550201 0.4081070262473181
6 0.6295328695283936 0.4589590716929054 0.4994375721077029 0.48274282682618513 0.49972864878166334 0.5183681328469995 0.6411474801453965 0.4940548630693959 0.6295328695283936 0.4589590716929054