5 0.8732823047093994 0.21918309914931666 0.20430930725814472 0.14315518668300625 0.1973318408004354 0.14666709700197594 0.14089640080586383 0.6587190438782018 0.7923920922327469 0.8146877415212146 0.8732823047093994 0.21918309914931666
2 0.5291357258868908 0.3055989130784598 0.19717460263368947 0.25957910617646285 0.1794501459859385 0.3308337692633033 0.5170423415715271 0.3877437434659754 0.5291357258868908 0.3055989130784598
0 0.49738092186698984 0.5586471445609645 0.5080059117073089 0.4840565488670685 0.18434219270764796 0.4252449399022485 0.19045529626460508 0.4336552715307389 0.1695387685458574 0.49143707435328077 0.49738092186698984 0.5586471445609645
1 0.18641580946490258 0.41457710648613105 0.4899222703682319 0.46747513006457375 0.4854523591047725 0.3908220222998429 0.1908925815395108 0.34211061565776474 0.18641580946490258 0.41457710648613105
4 0.49607566908299217 0.5653620880127362 0.17383288082077578 0.4992404241161795 0.15842435363239746 0.56854554377272 0.4883677615710934 0.6448753576402788 0.49607566908299217 0.5653620880127362
3 0.4808104577083698 0.653859673265304 0.16076052710350822 0.5864216154717712 0.16073037200142803 0.5840873495677998 0.1583455271457225 0.6486701170562614 0.4700223261770037 0.7292895602010481 0.4808104577083698 0.653859673265304
6 0.827940645815346 0.4225510701916173 0.8368623223270736 0.3467583811521644 0.5819539864701399 0.3128891800556761 0.5825151887057809 0.3199669256111568 0.5906041359801759 0.3157230220526924 0.5742461982138634 0.39240183616622903 0.8186800286240307 0.43033329247108587 0.827940645815346 0.4225510701916173
6 0.577724482777925 0.40440225565535615 0.5819087785945495 0.40994893174255964 0.5672626346286526 0.47815356010740445 0.8097386454906346 0.5261571248314241 0.8279209391936773 0.44258221351250265 0.577724482777925 0.40440225565535615
6 0.8120031610548673 0.5344369637324615 0.5690048105680421 0.4891206034231299 0.5630331309364376 0.5696666357070845 0.7924439566609487 0.6151305857051411 0.8120031610548673 0.5344369637324615
6 0.5536936872584474 0.6575734312700944 0.7743334401204061 0.7083011163050865 0.7938926445143246 0.6276074943324069 0.5568342769076456 0.5848975320636153 0.5536936872584474 0.6575734312700944
6 0.5360727150466676 0.7482254746275068 0.7689604619641524 0.805689579102197 0.7768327552825638 0.7253378967622897 0.5419230379961425 0.6658205064446706 0.5360727150466676 0.7482254746275068