5 0.5492494166742483 0.13941768567568047 0.15077575068760865 0.25746115584146767 0.3507039464844266 0.7094810686435378 0.7432690847370422 0.5846615096853324 0.5492494166742483 0.13941768567568047
0 0.34864002679833966 0.28363103930248557 0.19395894250284643 0.3284687572508609 0.22436682700661972 0.3925577753011847 0.3808242038852447 0.35058640303500893 0.34864002679833966 0.28363103930248557
2 0.23153175560930986 0.4042761193615647 0.25341493653280833 0.465251589551399 0.4124983808776953 0.42016621662374465 0.38159802608186233 0.35876581799794915 0.2276231547012679 0.4018348573620109 0.2248138681718944 0.40415524907191336 0.22798959282749073 0.40342207526516305 0.23153175560930986 0.4042761193615647
1 0.41031935457670793 0.43487769105595186 0.25507590676304864 0.47848498064616013 0.29524783656972603 0.5450226668878836 0.4502409729584802 0.4967030920917636 0.41031935457670793 0.43487769105595186
4 0.4460864172238756 0.5076911114045439 0.29152684170054843 0.557882764455376 0.3207947292582674 0.6218674161983321 0.48053022365081977 0.5699452565724364 0.4460864172238756 0.5076911114045439
3 0.48244643121170944 0.5830728861798564 0.3317182412543579 0.6353713448389571 0.3606969060279204 0.6981032350700465 0.5160153114329971 0.6463649323834736 0.48244643121170944 0.5830728861798564
6 0.6795315345385777 0.5190529137890373 0.5282797977821281 0.5690836421187866 0.5465651410415534 0.624136291015627 0.7065248004413892 0.5780127194979432 0.6795315345385777 0.5190529137890373
6 0.6461062162855216 0.45154919982605557 0.493434043784763 0.49663278065170596 0.5160924481203739 0.550099550946409 0.6650979956255741 0.5048341367755512 0.6461062162855216 0.45154919982605557
6 0.6441128195763037 0.42359259857514164 0.6131497290170195 0.37641509021325636 0.4658389621332682 0.4193720403574326 0.4868600538475104 0.47661339193589236 0.6459447870416894 0.4315277214539333 0.6441128195763037 0.42359259857514164
6 0.6059026853602569 0.35468582120263525 0.5845691616260927 0.29609117786752925 0.4263364250383077 0.34486137092113744 0.45170516098739977 0.39195694154114935 0.44630946408664407 0.4023966106234712 0.6059026853602569 0.35468582120263525
6 0.5435087949365006 0.22449981304828953 0.3978771432538187 0.26989042704089816 0.42678852852724447 0.3275032749530057 0.5731281283055742 0.2803456180957169 0.5435087949365006 0.22449981304828953