5 0.3544921875 0.4287109375 0.2822265625 0.3056640625
2 0.2734375 0.318359375 0.099609375 0.0390625
1 0.2724609375 0.375 0.09765625 0.0390625
0 0.2685546875 0.4296875 0.0986328125 0.0390625
3 0.267578125 0.4833984375 0.1005859375 0.0419921875
4 0.2685546875 0.5380859375 0.1005859375 0.0439453125
6 0.4140625 0.3173828125 0.1474609375 0.052734375
6 0.4111328125 0.376953125 0.1416015625 0.0537109375
6 0.412109375 0.43359375 0.1435546875 0.0537109375
6 0.412109375 0.4892578125 0.142578125 0.0546875
6 0.4755026666666667 0.5768415841584158 0.47850666666666664 0.5196948694869487 0.3424333333333333 0.5176903690369037 0.3385293333333333 0.5671143114311431 0.4755026666666667 0.5768415841584158