5 0.6508232644941973 0.12648445920608553 0.2930471442884149 0.1651363833997705 0.21751511777171123 0.6461128825529423 0.5422711239469343 0.7970697220282326 0.6508232644941973 0.12648445920608553
2 0.46321660323252956 0.15249472782947693 0.3064658223869975 0.1629337761998263 0.2937401761532312 0.25247528742889125 0.467633672560893 0.25041027787598147 0.46321660323252956 0.15249472782947693
1 0.45788169760223524 0.2814516824398271 0.2921222368870776 0.2675061084425131 0.2833105317557844 0.3460529897409257 0.43555824424480616 0.36422223568437634 0.45788169760223524 0.2814516824398271
0 0.430267021658301 0.38911548078080127 0.27723210000709175 0.36723074753746754 0.2591935517669362 0.45209544471938296 0.4122284734181454 0.4739801779627167 0.430267021658301 0.38911548078080127
4 0.4047451851712544 0.5051140394217296 0.25776222469844645 0.46937865980511695 0.23800645601090853 0.5397726061554571 0.39806626684280305 0.587274568913606 0.4047451851712544 0.5051140394217296
3 0.3848398496632032 0.6213109180451197 0.24091467069506378 0.5655544020861787 0.23038093984801003 0.6433007607665242 0.37118237578038504 0.6912036944128542 0.3848398496632032 0.6213109180451197
6 0.6374972909304659 0.14297672917890936 0.4752776671174637 0.15073516330840553 0.46588999920926977 0.22872512518649252 0.6286746228681034 0.24085821362338833 0.6374972909304659 0.14297672917890936
6 0.6190372160178934 0.29183405347543906 0.45987524376475314 0.2795719626048571 0.44530386805598415 0.3537643090200671 0.6022726318606105 0.37634463439388977 0.6190372160178934 0.29183405347543906
6 0.5762363055393434 0.5101107380716007 0.5971717782420447 0.42289190176477887 0.44098341269005237 0.40227549668148826 0.4422133905428193 0.3908535004341107 0.42159330868874023 0.47094912593903776 0.5762363055393434 0.5101107380716007
6 0.5639736884695937 0.607261677745621 0.5591223798326449 0.5568009714632988 0.4191508008675067 0.5162646785568625 0.40765383942470607 0.5929072754930713 0.5560651678420795 0.6388329366039971 0.5639736884695937 0.607261677745621
6 0.5264564639527225 0.7781309364244983 0.5477574713968427 0.6891923943671363 0.3965879346851239 0.6336934451930594 0.38105251325760736 0.7067818566043902 0.3850900281745158 0.7103364802117763 0.5264564639527225 0.7781309364244983