5 0.5947265625 0.6083984375 0.38671875 0.390625
2 0.4990234375 0.5849609375 0.08984375 0.0390625
1 0.4990234375 0.615234375 0.095703125 0.0390625
0 0.490234375 0.64453125 0.07421875 0.03125
3 0.4833984375 0.673828125 0.068359375 0.033203125
4 0.486328125 0.705078125 0.06640625 0.03125
6 0.595703125 0.5966796875 0.08984375 0.03515625
6 0.59375 0.626953125 0.087890625 0.037109375
6 0.5908203125 0.65625 0.0859375 0.033203125
6 0.5888671875 0.6875 0.0859375 0.033203125
6 0.5830078125 0.716796875 0.087890625 0.03515625