5 0.53515625 0.5732421875 0.462890625 0.44921875
2 0.5087890625 0.4716796875 0.25 0.046875
1 0.51953125 0.533203125 0.251953125 0.048828125
0 0.4541015625 0.60546875 0.109375 0.03125
3 0.4892578125 0.662109375 0.15625 0.03515625
4 0.509765625 0.7216796875 0.193359375 0.04296875
6 0.5283203125 0.4990234375 0.185546875 0.068359375
6 0.537109375 0.5615234375 0.1875 0.0703125
6 0.5419921875 0.623046875 0.18359375 0.0703125
6 0.55078125 0.6845703125 0.1796875 0.06640625
6 0.55859375 0.74609375 0.181640625 0.068359375