5 0.4462890625 0.4931640625 0.673828125 0.6796875
0 0.287109375 0.31640625 0.19921875 0.123046875
2 0.314453125 0.4130859375 0.228515625 0.12109375
1 0.322265625 0.5107421875 0.232421875 0.115234375
4 0.34375 0.6064453125 0.23046875 0.107421875
3 0.3603515625 0.7080078125 0.2265625 0.119140625
6 0.5439453125 0.27734375 0.259765625 0.1484375
6 0.564453125 0.37109375 0.244140625 0.140625
6 0.5830078125 0.462890625 0.232421875 0.123046875
6 0.6015625 0.5546875 0.228515625 0.123046875
6 0.619140625 0.6474609375 0.251953125 0.142578125