5 0.677773132990739 0.48285406006946696 0.2545375906837752 0.5493545420000575 0.34771258015455775 0.9069488415887224 0.7375757443885076 0.8367737087183011 0.677773132990739 0.48285406006946696
2 0.5830001992517828 0.4989239097754816 0.32701481696790513 0.5402305240776352 0.3223826953944312 0.5563637746238005 0.5895041045398757 0.5140558997375978 0.5830001992517828 0.4989239097754816
1 0.61393321967825 0.5830057310182706 0.6189946685976807 0.5603069867559551 0.33968711539459745 0.6089327279873248 0.3339302264780451 0.625528879996247 0.3384340185415795 0.6266405178001588 0.61393321967825 0.5830057310182706
0 0.4597500633197813 0.6616086479428256 0.34833377908709917 0.6806005667999492 0.350774929942529 0.6977251436291714 0.46554877161522157 0.6777217845627121 0.4597500633197813 0.6616086479428256
3 0.5385835026244224 0.7221137998605733 0.3623743170016789 0.7521740814977733 0.3603182524328367 0.7716378521739883 0.5445690303895027 0.739413570915672 0.5385835026244224 0.7221137998605733
4 0.5831034318499563 0.8050852396556356 0.5835451396616347 0.7873756063570547 0.37808782471685304 0.8257657326687025 0.37734344216136084 0.8449736612298742 0.3816592195522251 0.8448982211094334 0.5831034318499563 0.8050852396556356
6 0.5988524825411357 0.5629365430580286 0.5899022881699333 0.5132600620114157 0.3905915246517498 0.5460446422649556 0.39369912731174594 0.5929965621513269 0.402613752648199 0.5946258163282957 0.5988524825411357 0.5629365430580286
6 0.6022357689337933 0.5842977726442499 0.4007986769840136 0.6190346449027098 0.40870791473643 0.6672598498237522 0.6118438680020305 0.6381281004682782 0.6022357689337933 0.5842977726442499
6 0.6162097204276936 0.6520344661170521 0.41029417221642744 0.6875243187225553 0.4185321129184831 0.742953040418564 0.6288909505526674 0.7047693131417352 0.6162097204276936 0.6520344661170521
6 0.6383392171609208 0.7780889651930545 0.6250952359925072 0.7217939451896664 0.42228428733251727 0.7632269261978953 0.42200945553324615 0.7649081176195683 0.4341256419802602 0.8140825219924781 0.6383392171609208 0.7780889651930545
6 0.6386712653189546 0.7938510791961921 0.43368669771775903 0.8352189120386619 0.4446307351129504 0.8872347891662045 0.648937171312686 0.851834636492423 0.6386712653189546 0.7938510791961921