5 0.6756022854187806 0.4674253561010173 0.2597731810243365 0.5705601916677889 0.38376000831286294 0.9186730015730168 0.7660234596762581 0.8147860926208572 0.6756022854187806 0.4674253561010173
2 0.5825905709924031 0.49169406060967363 0.33117939902211074 0.5551540868990943 0.3279710095039847 0.5716296615524035 0.5903885667816904 0.5062016160853672 0.5825905709924031 0.49169406060967363
1 0.6207340955192044 0.5727599347669406 0.6237979581817823 0.5497064317395294 0.3497912671375681 0.6224903945994468 0.3455027348764861 0.6395251391688976 0.3500862742699531 0.6402400155128746 0.6207340955192044 0.5727599347669406
0 0.4739883482265394 0.6645016913733289 0.36465129138705443 0.6931319092518679 0.3685756581392659 0.7099785615802396 0.48116934307633835 0.6800481219152218 0.4739883482265394 0.6645016913733289
3 0.5577951739496115 0.7179058159650764 0.38487644365046414 0.76320935160711 0.38452458241800486 0.7827782545942634 0.565265699370137 0.7346180830502644 0.5577951739496115 0.7179058159650764
4 0.6093771288656895 0.7966813568832314 0.6082736596018625 0.7790006167136317 0.40694409174257334 0.8351514418913197 0.4078766230678329 0.8543511556997962 0.41216940258302603 0.8538998578677554 0.6093771288656895 0.7966813568832314
6 0.6039616001568786 0.5540814889723084 0.5907158733746887 0.5053741027719756 0.3950209119279241 0.5554050054317455 0.40220881867271335 0.6019074136697804 0.41123152002628066 0.6027535072502049 0.6039616001568786 0.5540814889723084
6 0.6091937659539604 0.5750665597923423 0.4115507208569871 0.6272276471303219 0.42363296512594284 0.6745800050961726 0.6234569255083318 0.6278546459564947 0.6091937659539604 0.5750665597923423
6 0.6290181841744679 0.6413275845746431 0.4269793512555867 0.6946291101239469 0.4400168755151377 0.749128924958915 0.6462473031513684 0.6927565175548156 0.6290181841744679 0.6413275845746431
6 0.6620498449852003 0.7649736955003512 0.6439498268822101 0.7100471840596764 0.44552175734619276 0.7689986389340285 0.4453944968519488 0.7706973860843728 0.46175040928884986 0.8186286717734264 0.6620498449852003 0.7649736955003512
6 0.6637543883529614 0.7806468899971533 0.46315529311526776 0.8397228879874569 0.4785911675497971 0.8905869932906705 0.6790348294783294 0.837515069690296 0.6637543883529614 0.7806468899971533