5 0.35546875 0.494140625 0.08984375 0.1328125
0 0.3408203125 0.443359375 0.02734375 0.0234375
2 0.337890625 0.466796875 0.029296875 0.021484375
1 0.333984375 0.4873046875 0.025390625 0.0234375
4 0.3291015625 0.509765625 0.0234375 0.021484375
3 0.3251953125 0.529296875 0.021484375 0.025390625
6 0.3759765625 0.4482421875 0.041015625 0.0234375
6 0.3740234375 0.470703125 0.04296875 0.0234375
6 0.37109375 0.4921875 0.04296875 0.0234375
6 0.3671875 0.5126953125 0.0390625 0.021484375
6 0.36328125 0.533203125 0.0390625 0.0234375
2 0.5568604895126453 0.5518315198114759 0.528184502307742 0.5472753349684056 0.5257008812574848 0.567502805197511 0.5528492921123813 0.5732517157100786 0.5568604895126453 0.5518315198114759
1 0.5841549912429488 0.5563906156247638 0.5604055923184549 0.5529569479332822 0.5563585346767707 0.5709220195956918 0.5828888346711744 0.576077427464835 0.5841549912429488 0.5563906156247638
0 0.5226754186955737 0.5640256760683415 0.5262692135946749 0.5460049507391105 0.5016749186153341 0.543359818745698 0.5009904155322413 0.5587744219189654 0.5051744231552624 0.5603239994970723 0.5226754186955737 0.5640256760683415
6 0.5380859375 0.58203125 0.025390625 0.021484375
6 0.5654296875 0.5888671875 0.02734375 0.025390625
6 0.5107421875 0.576171875 0.02734375 0.01953125