5 0.5024090423890499 0.46433055138958745 0.2469784566767371 0.4942128637378965 0.2632535261110317 0.7780725296288251 0.5174248491625209 0.7445123199242781 0.5024090423890499 0.46433055138958745
0 0.3733558755355316 0.49638122323879197 0.28417822434336126 0.5060100150296301 0.2869800163787809 0.5373089780875397 0.3764632436937461 0.5288206119125523 0.3733558755355316 0.49638122323879197
2 0.2913571524913293 0.5923546865652085 0.3738533251667193 0.5845914994068339 0.3726657530196512 0.5533581978895546 0.2881869728807554 0.5601987161961232 0.2913571524913293 0.5923546865652085
1 0.3772131537026755 0.6060642908499977 0.2866783707881657 0.6158399045587901 0.2935008534433138 0.6479988421904976 0.3754500040150226 0.6352190892033512 0.3772131537026755 0.6060642908499977
4 0.37835302571234386 0.6579621058604551 0.28431335049825296 0.6702881098033469 0.29295323914518134 0.7055119577540638 0.3775672287549215 0.6937394858049154 0.37835302571234386 0.6579621058604551
3 0.2927241311859537 0.7286510199589127 0.29389529712137025 0.7626259168347386 0.3743558486696758 0.7502450327537669 0.37024551793033894 0.7140582437654952 0.2942230070995152 0.7281182775579722 0.2927241311859537 0.7286510199589127
6 0.46291376025644887 0.5268814964099724 0.4615205615078451 0.48595133832979087 0.37888101425351334 0.49317944427504146 0.3802130342304412 0.524947539428728 0.3828490436648266 0.5288308644734719 0.46291376025644887 0.5268814964099724
6 0.4705970845345912 0.5466223123447713 0.3801376700664453 0.5477454642824252 0.3782035040107154 0.5799840550451565 0.4693187049280255 0.5716319011771185 0.4705970845345912 0.5466223123447713
6 0.4679594096548365 0.6052689562690822 0.45753140392295744 0.593148037979185 0.37404954234164717 0.6031912731574938 0.3737913473108678 0.6379583457497141 0.46685323423085856 0.6279375823078074 0.4679594096548365 0.6052689562690822
6 0.46786293612911894 0.6465982708321552 0.38204730354358307 0.6598405462366892 0.37870276734517216 0.661499721313338 0.38234753133574273 0.6907372850826106 0.4662166848083222 0.6791643913749078 0.46786293612911894 0.6465982708321552
6 0.47149523610450667 0.7018435575512696 0.3820990984712624 0.7151216706625461 0.3801956997879932 0.745238431909198 0.46913190499927726 0.7317334999054389 0.47149523610450667 0.7018435575512696