5 0.4951171875 0.400390625 0.189453125 0.3125
0 0.46484375 0.30078125 0.052734375 0.03515625
2 0.455078125 0.357421875 0.048828125 0.0390625
1 0.4462890625 0.408203125 0.0546875 0.041015625
3 0.4384765625 0.4599609375 0.056640625 0.041015625
4 0.4306640625 0.5146484375 0.0546875 0.041015625
6 0.5087890625 0.5234375 0.0859375 0.046875
6 0.5205078125 0.4697265625 0.0859375 0.044921875
6 0.5263671875 0.4208984375 0.087890625 0.046875
6 0.5361328125 0.3681640625 0.087890625 0.048828125
6 0.5419921875 0.314453125 0.087890625 0.044921875