5 0.4814453125 0.4658203125 0.2099609375 0.2587890625
2 0.4583533333333334 0.41378562500000005 0.4669041666666667 0.37906999999999996 0.4084741666666667 0.37159312499999997 0.4020616666666667 0.41004687500000003 0.4583533333333334 0.41378562500000005
0 0.4633416666666667 0.454375625 0.46191583333333336 0.417524375 0.4034866666666667 0.412304375 0.39422333333333337 0.45117125 0.4633416666666667 0.454375625
0 0.4569283333333333 0.49763625 0.4597783333333334 0.46185312500000003 0.39814250000000007 0.458398125 0.39279833333333336 0.49336375 0.4569283333333333 0.49763625
3 0.4569283333333333 0.541515625 0.4597783333333334 0.501459375 0.39101666666666673 0.49781125000000004 0.38567250000000003 0.537776875 0.4569283333333333 0.541515625
4 0.4441025 0.58531 0.44909000000000004 0.54685625 0.389235 0.541900625 0.38567250000000003 0.58317375 0.4441025 0.58531
6 0.5723625000000001 0.4181 0.5730750000000001 0.37964624999999996 0.47652333333333335 0.374895 0.481155 0.410623125 0.5723625000000001 0.4181
6 0.5716500000000001 0.4602925 0.5745008333333333 0.42183875000000004 0.47563333333333335 0.41764875000000007 0.47117916666666665 0.454951875 0.5716500000000001 0.4602925
6 0.570225 0.5056900000000001 0.5730750000000001 0.467235625 0.5652375000000001 0.464565625 0.47117916666666665 0.463074375 0.4733175 0.49607625 0.570225 0.5056900000000001
6 0.5630991666666667 0.5468143750000001 0.5673750000000001 0.50836 0.4676166666666667 0.500483125 0.4690416666666667 0.541473125 0.5630991666666667 0.5468143750000001
6 0.5595366666666667 0.5890068749999999 0.5630991666666667 0.54628 0.465835 0.5465768750000001 0.4640541666666667 0.581529375 0.5595366666666667 0.5890068749999999