5 0.269656090169048 0.412032526070097 0.2842677668980128 0.4135846617530383 0.2891846251537033 0.4717285523186567 0.5618210878609056 0.46736389381785864 0.561857426961847 0.466323278119225 0.566935062800864 0.29883157863659465 0.27577351587941634 0.28102684102482944 0.269656090169048 0.412032526070097
2 0.41620730758248603 0.30467669152521765 0.277998830246751 0.2946671877069031 0.2759111448267981 0.321299927481952 0.4106621800669597 0.3308653728028144 0.41620730758248603 0.30467669152521765
0 0.4112145964725465 0.33713347021292345 0.2768024536876038 0.3289269298763846 0.275447912504733 0.3566921959207213 0.4079335034234571 0.36479018443992395 0.4112145964725465 0.33713347021292345
2 0.4046918755577226 0.3691897333452343 0.27854278328281956 0.3619871809150287 0.2781401578529708 0.3901121374537799 0.4059644728223449 0.39908860993705364 0.4046918755577226 0.3691897333452343
3 0.29398813636998733 0.4226025161886404 0.40807870219634323 0.4269337329747243 0.40661375714346654 0.40258277318291785 0.2773464067236724 0.39624692308451026 0.2781598552535794 0.41163531121906866 0.28582201004091995 0.41329122530292195 0.29398813636998733 0.4226025161886404
4 0.40389720807506807 0.4361602965076382 0.2891075250209149 0.4297221473959228 0.28967208164267244 0.4301108369170364 0.2874640274123481 0.45465873084942793 0.40226720427223517 0.4607502647395444 0.40389720807506807 0.4361602965076382
6 0.5395275589439915 0.44263267028577524 0.4428582454131057 0.43676288418187287 0.4400926005852317 0.4606828109424099 0.5325129504381743 0.4666875175423656 0.5395275589439915 0.44263267028577524
6 0.5452557045704841 0.41124283284433416 0.4545188224181086 0.4067759402145634 0.4543016878132336 0.4295891345077081 0.5406127379789274 0.4336444421021709 0.5452557045704841 0.41124283284433416
6 0.5556935710101869 0.3775872320470659 0.45764319044771345 0.3725835249908039 0.4561980620246483 0.39737131578857876 0.554833930969848 0.40220410197434686 0.5556935710101869 0.3775872320470659
6 0.5505148079011909 0.37115757905013813 0.5521690232298611 0.3458742834319875 0.45876385691120164 0.3404918362966869 0.46042040937209383 0.36488763540549796 0.547418471002666 0.3713965390187146 0.5505148079011909 0.37115757905013813
6 0.5602459654754068 0.31352520846882737 0.4640329593939582 0.30565200183559615 0.45997539293922896 0.305797983736719 0.4646413904889096 0.33240328193162716 0.5532071454437522 0.33827338311166233 0.5602459654754068 0.31352520846882737