5 0.5581444444444444 0.5656156250000001 0.6240666666666667 0.33719375 0.2658875 0.32433875 0.21095277777777777 0.5389168750000001 0.5581444444444444 0.5656156250000001
2 0.4414763888888889 0.37292250000000005 0.45340833333333336 0.335825625 0.2798541666666667 0.32801562500000003 0.26792222222222223 0.36413625000000005 0.4414763888888889 0.37292250000000005
1 0.4262902777777778 0.414900625 0.4306291666666667 0.37780375 0.2711763888888889 0.37194625000000003 0.26358333333333334 0.40757875 0.4262902777777778 0.414900625
0 0.3980875 0.458343125 0.40785 0.421734375 0.26358333333333334 0.41343625000000006 0.2559916666666667 0.44760437500000005 0.3980875 0.458343125
4 0.4111041666666667 0.5032500000000001 0.4165277777777778 0.46468875 0.2375513888888889 0.457855 0.2277888888888889 0.491046875 0.4111041666666667 0.5032500000000001
3 0.38940972222222225 0.544251875 0.40242638888888893 0.510571875 0.2277888888888889 0.49836875 0.22019583333333334 0.5349775 0.38940972222222225 0.544251875
6 0.5445236111111111 0.5584075000000001 0.5575402777777778 0.5208225000000001 0.4425611111111111 0.511548125 0.4317138888888889 0.5471806250000001 0.5445236111111111 0.5584075000000001
6 0.5575402777777778 0.511548125 0.5651333333333334 0.47445125 0.4555777777777778 0.4676175 0.44689999999999996 0.502761875 0.5575402777777778 0.511548125
6 0.5748944444444445 0.466153125 0.5868263888888889 0.430520625 0.46642361111111114 0.4261275 0.4588319444444444 0.459319375 0.5748944444444445 0.466153125
6 0.5868263888888889 0.42661562500000005 0.5987583333333334 0.385125625 0.48052500000000004 0.38170875000000004 0.4696777777777778 0.4183175 0.5868263888888889 0.42661562500000005
6 0.6030972222222223 0.37975625 0.6150291666666667 0.34021875 0.4946263888888889 0.33680187500000003 0.4837791666666667 0.37389875000000006 0.6030972222222223 0.37975625