5 0.7147205250832034 0.3914700980484431 0.41390310482362125 0.2729778390395521 0.07511954758831316 0.7159262141266742 0.3968465396882996 0.8376438085577628 0.7147205250832034 0.3914700980484431
0 0.5078316393099146 0.3231817438420391 0.4363023927503429 0.28875232471215795 0.3863909074791126 0.3575869716295918 0.46760708900988174 0.3848126080017263 0.5078316393099146 0.3231817438420391
2 0.3222961737741462 0.43724960653839134 0.4030132754018726 0.470179752305562 0.45153391377101404 0.4092747018035344 0.36906903361167737 0.3778775085719935 0.3222961737741462 0.43724960653839134
1 0.3798601267796237 0.49593874225662726 0.3078298784318553 0.4632582458444456 0.2515890281497926 0.5287878498791774 0.3354049281136386 0.5581572457009338 0.3798601267796237 0.49593874225662726
3 0.3148401080562127 0.5751244228945498 0.24090546999285087 0.5487599333656064 0.19044172740392473 0.6199038592431731 0.2617287664389092 0.644263912782332 0.3148401080562127 0.5751244228945498
4 0.23492500061510216 0.6601434358195981 0.1685315657266331 0.6363381458162742 0.11287850248789347 0.7103073632574948 0.18339997996754068 0.7326580321047569 0.23492500061510216 0.6601434358195981
6 0.43027279417671493 0.7296614837682713 0.28481832360208187 0.6788950854119996 0.23523941957614325 0.7533750018730995 0.3792885825460442 0.8067543980149472 0.43027279417671493 0.7296614837682713
6 0.49776336423323686 0.6467910185219691 0.3568539911380522 0.5898030398235833 0.30592595098378544 0.6662539111570396 0.44388639442776534 0.7139218853345961 0.49776336423323686 0.6467910185219691
6 0.562127494777178 0.5566294957546208 0.4368515403526581 0.5146015064259338 0.42564213623313024 0.5136208106405944 0.38331173267127155 0.5778785925257595 0.5152172822714342 0.6301955601635132 0.562127494777178 0.5566294957546208
6 0.6191092552594334 0.47553029573799493 0.4894200892832429 0.4247794306312159 0.4407430648632506 0.4916407643531511 0.5730420146967328 0.539461146748142 0.6191092552594334 0.47553029573799493
6 0.6801649482337849 0.390905007500327 0.5512852463675906 0.33628182193427447 0.5041168146805776 0.402039551780268 0.6388811635077752 0.4539596746610656 0.6801649482337849 0.390905007500327