5 0.5316015670898964 0.3218439040206889 0.42553366701372847 0.3382810630949348 0.4393042235876893 0.4788818739309839 0.5521363238626796 0.4692895350459019 0.5316015670898964 0.3218439040206889
0 0.4714480506427898 0.3342106550109295 0.4307518680639026 0.33999940079183477 0.42760082485850553 0.36753147306844436 0.4741186875489888 0.3596200678614043 0.4714480506427898 0.3342106550109295
3 0.4890470996963793 0.4728982988826427 0.4853803486886093 0.4475942102857255 0.44269091314746534 0.4535918269522451 0.4431871388499087 0.4678958159907387 0.4472761453473122 0.47804399119084096 0.4890470996963793 0.4728982988826427
4 0.44085406141992334 0.42611044323333713 0.4427295151317012 0.44832267699134776 0.479146420635349 0.4444951059876445 0.47515512391694 0.42016904941689315 0.4427079327729864 0.4253723335795943 0.44085406141992334 0.42611044323333713
1 0.4768270099605744 0.390585980591641 0.43757240198214253 0.3947118061438681 0.43778037165692146 0.41943550641030014 0.4806691576279584 0.4134929787329388 0.4768270099605744 0.390585980591641
2 0.47722995725579853 0.3625703887868671 0.4328477781870018 0.36795282531185575 0.4328311628518522 0.3905477142530678 0.4742646880887042 0.38439992831769076 0.47722995725579853 0.3625703887868671
6 0.5307870869725152 0.3443894220826406 0.5249897129581039 0.32563266118058115 0.474496969304478 0.33201555624789425 0.4780523429496696 0.35674627094716005 0.5283967663205166 0.34894423034334054 0.5307870869725152 0.3443894220826406
6 0.5322503727374687 0.376512440325329 0.5306235518252977 0.35193786733315874 0.4788983442503439 0.3602432465294123 0.4778616278162701 0.38222892776733147 0.47982824758257603 0.3827392807925993 0.5322503727374687 0.376512440325329
6 0.5327349928252934 0.3811232924627301 0.4815567903412967 0.3900888606417506 0.4825239319385679 0.41293919333016255 0.5344363555978321 0.4064070838815348 0.5327349928252934 0.3811232924627301
6 0.5348837374206176 0.41066363759371094 0.4850497789833558 0.4187702384956506 0.4840876044096497 0.4414651381602043 0.5379658190669736 0.435443468843897 0.5348837374206176 0.41066363759371094
6 0.5389237311536338 0.44000520443037794 0.48930124144024006 0.44557957903095236 0.4904555991218215 0.47020318146699003 0.542006641568236 0.4647849485735112 0.5389237311536338 0.44000520443037794