5 0.5680533422847959 0.14248936652163124 0.16394785271924647 0.23951656186706466 0.33994515949479565 0.7013804303953518 0.7385048518447703 0.5972772042027421 0.5680533422847959 0.14248936652163124
0 0.3601713368405575 0.2760059965088952 0.20335561275063652 0.31268688346383805 0.23036766426117544 0.3782794954551403 0.3888072336447766 0.3445539899261637 0.3601713368405575 0.2760059965088952
2 0.23690948283624577 0.3903567633220859 0.25557146408108117 0.4523939459484701 0.4167964761991093 0.41569614513970093 0.3891519178413743 0.3527626940097912 0.2331340043110927 0.3877142866211631 0.2302071278922763 0.38988447161799616 0.2334168716798716 0.3893185071870818 0.23690948283624577 0.3903567633220859
1 0.41385049709578314 0.43027341658234913 0.2565375758320661 0.4656961296059474 0.2931721379694481 0.5342450646217225 0.45048171280370924 0.49410342412753283 0.41385049709578314 0.43027341658234913
4 0.44575778224539886 0.5048589520945936 0.2887831970908449 0.5468927960477924 0.3146622760920196 0.6123215219318382 0.47689625441526606 0.5688304296661509 0.44575778224539886 0.5048589520945936
3 0.478122788831583 0.5820403548684981 0.3248640767761179 0.6263786363534312 0.35051989383457793 0.690541180840747 0.5083332143085605 0.6470025209688675 0.478122788831583 0.5820403548684981
6 0.6782883403476709 0.5284227569687049 0.5246254828310881 0.5704690156475202 0.5400045336393524 0.6264031977270912 0.7021588951060284 0.5887144786961535 0.6782883403476709 0.5284227569687049
6 0.6484417017518007 0.4592622085061482 0.4936192688440317 0.4962937597116229 0.5134483860733888 0.5508731049136952 0.6646187353897222 0.5134680732339665 0.6484417017518007 0.4592622085061482
6 0.6479141723832624 0.43123959448268046 0.6194625956767594 0.3825062583037139 0.4701055200162235 0.41769468759092554 0.48810202218335313 0.4759577508225813 0.6493283369571393 0.43925972032045546 0.6479141723832624 0.43123959448268046
6 0.6133627059135918 0.36042748754136933 0.5951250257219246 0.3007966357638633 0.4345567069107082 0.34121872938461917 0.45742588416565616 0.38957745421645334 0.4514912118156947 0.399720427138226 0.6133627059135918 0.36042748754136933
6 0.5578677333743974 0.22715445086759517 0.4100601036212229 0.2648610868512059 0.43591664335857505 0.3239080833521527 0.5845237308671818 0.2844738773152512 0.5578677333743974 0.22715445086759517