5 0.6680082008345446 0.5972575670807474 0.5697825384733572 0.32048927949951006 0.3399951512561479 0.38114332512658816 0.3239243795135706 0.3833778307616331 0.3998398516238357 0.6589830008117213 0.6680082008345446 0.5972575670807474
0 0.34384588795631565 0.42520813373976574 0.4320479024834848 0.4064602167995014 0.4214996511734061 0.36795309864402653 0.33637699515859304 0.3900697557991331 0.34384588795631565 0.42520813373976574
3 0.4453125 0.611328125 0.107421875 0.05859375
4 0.431640625 0.55859375 0.103515625 0.0546875
1 0.4130859375 0.50390625 0.109375 0.060546875
1 0.396484375 0.4501953125 0.099609375 0.056640625
6 0.5543308655632739 0.3303619801363604 0.4470169227637374 0.3594021508370422 0.46007003834232385 0.3997576193164448 0.5694145553493792 0.3712442810516831 0.5543308655632739 0.3303619801363604
6 0.6191613741658856 0.5436238684069681 0.5125368550916951 0.5706408636166074 0.520215576092423 0.6135361067291437 0.6326751921497924 0.5891528552594155 0.6191613741658856 0.5436238684069681
6 0.6002506996126766 0.49225623775343064 0.4979556196569165 0.5178335054553308 0.5079015344898665 0.5586091798018512 0.6175589357486349 0.5345819463978531 0.6002506996126766 0.49225623775343064
6 0.5844782700027278 0.437604360622221 0.47961760474147874 0.46465090062793635 0.49238077964207905 0.5096544733946532 0.5988042996859614 0.4779282349702883 0.5844782700027278 0.437604360622221
6 0.569855750316343 0.38384925028044636 0.4636934476625853 0.41229128584335994 0.47308589923500477 0.4549762543300504 0.5821593639863488 0.428197807539246 0.569855750316343 0.38384925028044636