5 0.653087513607427 0.3957146123382915 0.5414789718051384 0.38653975232926663 0.5300226479140604 0.5460447302891653 0.6502881039838706 0.5560926822606146 0.653087513607427 0.3957146123382915
3 0.583076078337994 0.5426344959246043 0.5834543701552761 0.5209621722272801 0.5382459906574288 0.5165593816475821 0.5372449650457212 0.5187103639467753 0.5398066705220448 0.5375435652597012 0.583076078337994 0.5426344959246043
0 0.5830460282661788 0.4891583267989622 0.5445547254242802 0.48631862843764995 0.5383594749302872 0.5100578720098277 0.5816036640189344 0.5165935825942319 0.5830460282661788 0.4891583267989622
4 0.5855028497874402 0.45885033819323046 0.5451221686040804 0.4538098304392588 0.5398018391775316 0.482622616214558 0.5859868587661972 0.48631921895823593 0.5855028497874402 0.45885033819323046
1 0.5889472434425914 0.4271143676091936 0.5437506401019824 0.42198917252607293 0.5432462437404368 0.45088602072571154 0.5884680658083478 0.4545664358893312 0.5889472434425914 0.4271143676091936
2 0.5894768694391929 0.3967721145852444 0.5442550364635279 0.3930923243264343 0.5447390454422848 0.4205612050914398 0.5899734877816007 0.42351860539049946 0.5894768694391929 0.3967721145852444
6 0.6445342030331686 0.5545470274319061 0.6431122261687128 0.5256165542625315 0.5892343230396927 0.5210630616801597 0.5849780660431061 0.5441129153575132 0.5897561601094026 0.5463647725659139 0.6445342030331686 0.5545470274319061
6 0.6472453471111683 0.39922568722783647 0.5943180212314981 0.395411397090083 0.5909871118492052 0.42064585803636545 0.6505684675665695 0.42963519019125723 0.6472453471111683 0.39922568722783647
6 0.6476410796366148 0.43175192261590495 0.5918115845542915 0.4286095849832983 0.5932966082370021 0.45392810835392033 0.6491261033193252 0.457070445986527 0.6476410796366148 0.43175192261590495
6 0.6451850913217659 0.46205992576530874 0.5873913949224888 0.4610511330422177 0.5850741096078003 0.4834128466343662 0.6446554762329185 0.4924015538844484 0.6451850913217659 0.46205992576530874
6 0.6446050278705607 0.4952917386282598 0.5887755327882376 0.4921494009956531 0.5844814477006982 0.5173664245522582 0.6451647039389775 0.5184256547299531 0.6446050278705607 0.4952917386282598