5 0.5091708331501572 0.4654455665835037 0.2527314127322835 0.44604040324066885 0.2145444856249155 0.7277901972120171 0.47044955548346595 0.7433447578888117 0.5091708331501572 0.4654455665835037
0 0.3763731799600466 0.47228287220096216 0.2869967133054985 0.4647188579325886 0.28377490483242623 0.4959773780074895 0.37323372984966025 0.5047191717340835 0.3763731799600466 0.47228287220096216
2 0.27756840429174007 0.5508469387255663 0.36003017586290487 0.5589673950113151 0.3648240176458422 0.5280813377648175 0.2805921182110723 0.5186768653144777 0.27756840429174007 0.5508469387255663
1 0.3592310731223224 0.5806867563040103 0.2684943941349427 0.5730079134808936 0.2690553139859531 0.6058777919123783 0.351937319676226 0.6089694740749979 0.3592310731223224 0.5806867563040103
4 0.35044743252828087 0.6318485601128362 0.2557836185861892 0.6260044846933245 0.2575437411032025 0.6622297398202612 0.34284942694979725 0.666818671690838 0.35044743252828087 0.6318485601128362
3 0.2529037012892178 0.6848999564204944 0.24757063366685256 0.7184741077441923 0.32891528231522504 0.7216732923835708 0.3317852347812865 0.6853670685519606 0.2544766906729027 0.6846630010052168 0.2529037012892178 0.6848999564204944
6 0.4584659076116681 0.519311219460019 0.46490814819197596 0.47886722881212185 0.38240773454542765 0.47019416510284795 0.377653643242374 0.5016327522656778 0.379500248408483 0.5059477040037397 0.4584659076116681 0.519311219460019
6 0.46224134232590375 0.5401553883917191 0.37322961459233384 0.5239974348678446 0.3651795714989354 0.5552746556346012 0.4562143956334531 0.5644615543079614 0.46224134232590375 0.5401553883917191
6 0.44846182175343574 0.5972212361918624 0.4405381880998117 0.5833332560126706 0.3566737838320789 0.5772628785329627 0.3497864623777298 0.6113419161439504 0.44305059212658154 0.6192623075015251 0.44846182175343574 0.5972212361918624
6 0.44048111572672716 0.6377728068237115 0.3537154127495694 0.6343973896902539 0.3501157395716553 0.6353879134555719 0.348114748811978 0.6647837545846997 0.4326512019353724 0.6694264764472525 0.44048111572672716 0.6377728068237115
6 0.4335053824628407 0.6926961575337646 0.3432181202435606 0.6886727270963438 0.3356031433976561 0.7178729730229049 0.4254822025339982 0.7215859926263697 0.4335053824628407 0.6926961575337646