5 0.39502245601408376 0.4682466136123377 0.40593691978287205 0.48893833895538186 0.34094168087856447 0.5081449468881793 0.3761810120861131 0.621642710182793 0.5971722265037674 0.5896792468842291 0.6310798338229838 0.5519021965126614 0.5486340220205614 0.2664733867176214 0.29519275037379145 0.30849900553713594 0.2882564796350849 0.3025755223691112 0.34226352274683913 0.4745199964270637 0.39502245601408376 0.4682466136123377
0 0.4289994551454538 0.3387395651989026 0.4177353494884362 0.2962457069883398 0.3104533645461149 0.315089743327701 0.3087023773565656 0.32153725815533296 0.3222445725927928 0.3579671131889457 0.4289994551454538 0.3387395651989026
2 0.42993101861009986 0.35684055577100504 0.3303827645998622 0.37764187964407436 0.3450298515401765 0.42691249778806417 0.4421045307969079 0.40797418468241664 0.42993101861009986 0.35684055577100504
1 0.411980687929785 0.4817513490601328 0.4579391623790214 0.4754655253167449 0.44490450404759235 0.43461415065150266 0.3470730304208934 0.44635204630437475 0.3464543994436861 0.44970392198177456 0.35399492248940917 0.4660080144102958 0.3969953212736477 0.45930390393924103 0.411980687929785 0.4817513490601328
4 0.3709881143676101 0.5537600762010134 0.48054956853285435 0.533509350167672 0.46604826634150687 0.49717930380905995 0.360668624195807 0.514044457048025 0.3709881143676101 0.5537600762010134
3 0.4790529575699011 0.5562337275094605 0.3771793470748457 0.5803209192376553 0.39013564266082446 0.6158078440544414 0.4970418218681557 0.5980197875776347 0.4790529575699011 0.5562337275094605
6 0.5429685473597601 0.27725959871039385 0.4257976122697772 0.2990383088973382 0.4380233521933481 0.34143109527370963 0.5560032056911891 0.318110973375636 0.5429685473597601 0.27725959871039385
6 0.557970788094007 0.3368312694497607 0.4454526774677898 0.3566645571191366 0.45547723979520266 0.4058404608494809 0.571331615873657 0.3900236953764308 0.557970788094007 0.3368312694497607
6 0.5773453132186627 0.4010387678874754 0.4602124356148101 0.42317957086767394 0.4748504494147059 0.4700480975523588 0.5923997816896726 0.45186959609180216 0.5773453132186627 0.4010387678874754
6 0.6056326815557884 0.513082625482462 0.5949506011740597 0.4668886116053477 0.4825068752194612 0.48744227661093714 0.49910358402828836 0.5344710289508195 0.5039835090223677 0.5346863236464025 0.6056326815557884 0.513082625482462
6 0.6146969251218006 0.5623594627818347 0.6067913455507482 0.5333443332677158 0.4942552051425976 0.5507156216473813 0.5086452936971918 0.5975284090248564 0.5945705984866422 0.5834019222694251 0.6146969251218006 0.5623594627818347