5 0.6819677777777777 0.8697925 0.6782666666666667 0.510875 0.2498388888888889 0.510348125 0.28592666666666666 0.878115625 0.6819677777777777 0.8697925
2 0.5862033333333333 0.527884375 0.5821466666666667 0.51192125 0.3228511111111111 0.512674375 0.31575222222222227 0.527884375 0.5862033333333333 0.527884375
1 0.3206122222222222 0.5998068750000001 0.5995455555555556 0.5998068750000001 0.6080955555555555 0.578179375 0.32462 0.582513125 0.3163377777777778 0.598004375 0.3206122222222222 0.5998068750000001
0 0.43817111111111107 0.670144375 0.4349644444444445 0.6533225 0.3219488888888889 0.65465125 0.3216811111111111 0.671946875 0.43817111111111107 0.670144375
3 0.5065677777777777 0.743438125 0.5033622222222223 0.725415 0.32462 0.7275400000000001 0.3195444444444444 0.7464425 0.5065677777777777 0.743438125
4 0.3291622222222222 0.822139375 0.5343544444444445 0.8143293749999999 0.5375611111111112 0.796906875 0.32862777777777774 0.80268375 0.3248877777777778 0.82153875 0.3291622222222222 0.822139375
6 0.38900999999999997 0.57822625 0.5877899999999999 0.577625625 0.5867211111111111 0.527160625 0.38473555555555555 0.5283625 0.38045999999999996 0.5752225 0.38900999999999997 0.57822625
6 0.5888588888888888 0.65392375 0.5877899999999999 0.5992531249999999 0.3833988888888889 0.602050625 0.38366666666666666 0.650919375 0.5888588888888888 0.65392375
6 0.5952711111111112 0.72241125 0.5909955555555555 0.668341875 0.38206333333333337 0.6711825 0.38152888888888886 0.7272175 0.5952711111111112 0.72241125
6 0.38580333333333333 0.799910625 0.5931333333333334 0.79630625 0.5888588888888888 0.7386324999999999 0.38206333333333337 0.74782875 0.38152888888888886 0.7494462500000001 0.38580333333333333 0.799910625
6 0.5920644444444444 0.870801875 0.5909955555555555 0.8119262500000001 0.38206333333333337 0.820718125 0.38473555555555555 0.873805625 0.5920644444444444 0.870801875