5 0.8470652777777777 0.753115 0.8128416666666667 0.153116875 0.14165277777777777 0.206131875 0.13547361111111111 0.210910625 0.17777916666666668 0.724323125 0.8470652777777777 0.753115
2 0.49530972222222225 0.386554375 0.4915069444444444 0.30361125 0.15686388888888889 0.321778125 0.15306111111111112 0.395105625 0.49530972222222225 0.386554375
0 0.17397638888888892 0.554649375 0.5086194444444445 0.558069375 0.5048166666666667 0.482821875 0.1758777777777778 0.48684875 0.18348333333333336 0.49393812500000006 0.17397638888888892 0.554649375
1 0.1664450406268885 0.40399196433172907 0.1758777777777778 0.47598125 0.4839013888888889 0.46999562500000003 0.4648875 0.39560375000000003 0.1664450406268885 0.40399196433172907
4 0.516225 0.644433125 0.5086194444444445 0.56491 0.17968055555555557 0.56149 0.17777916666666668 0.632461875 0.516225 0.644433125
3 0.5143236111111111 0.7307968750000001 0.5105208333333333 0.6546943749999999 0.18348333333333336 0.64956375 0.18300833333333333 0.647278125 0.1929902777777778 0.7111293750000001 0.5143236111111111 0.7307968750000001
6 0.7995319444444445 0.37080625 0.8071375000000001 0.3614 0.8014333333333334 0.2852975 0.5447458333333334 0.30068937500000004 0.5466472222222223 0.30753 0.5537777777777778 0.301820625 0.5523513888888889 0.38021187500000003 0.7995319444444445 0.37080625
6 0.8109402777777778 0.381066875 0.5580555555555556 0.391328125 0.563221329764619 0.39597449174384963 0.5618583333333333 0.465720625 0.809038888888889 0.466575625 0.8109402777777778 0.381066875
6 0.809038888888889 0.557214375 0.8128416666666667 0.47427125 0.5656611111111112 0.47615375 0.5751680555555555 0.556359375 0.809038888888889 0.557214375
6 0.5719892839671432 0.5724932340015643 0.5827736111111111 0.644433125 0.809038888888889 0.65212875 0.8128416666666667 0.569185625 0.5719892839671432 0.5724932340015643
6 0.5727928379572602 0.6547746239359705 0.5827736111111111 0.736781875 0.8223472222222223 0.7487531250000001 0.8147430555555556 0.668375625 0.5727928379572602 0.6547746239359705