5 0.9895208896881591 0.3450738528881806 0.13799788555941112 0.08606564281381701 0 0.5238173484163202 0 0.6955067994407362 0.7998795639748089 0.8903937967677291 0.9895208896881591 0.3450738528881806
0 0.5088761178186871 0.22040465045337132 0.21992398308676586 0.1306471200289363 0.18789256414933764 0.2160601504768686 0.4629903663877734 0.30397374164583674 0.5088761178186871 0.22040465045337132
2 0.4926705506802833 0.42892820981722846 0.5209219399989667 0.3586760500923586 0.17768648417872665 0.25699450142913727 0.18573899514822476 0.33951890769999576 0.23775429846529658 0.3605394483726197 0.4926705506802833 0.42892820981722846
1 0.4689881411780613 0.4665025344417239 0.13211284716175228 0.36801708601469535 0.09220925457289512 0.4562983645156598 0.42719453377983174 0.5623642483042196 0.4689881411780613 0.4665025344417239
4 0.4181554069688118 0.58426554780687 0.09400043656036484 0.4921722998522271 0.06272502354668563 0.5745531561555468 0.41496666190397813 0.6688181955488175 0.4181554069688118 0.58426554780687
3 0.37711780549433116 0.6770950875247531 0.049215749741107026 0.5856779200604733 0.040011901560249155 0.6800031707266211 0.35969672497413746 0.7613198830835398 0.37711780549433116 0.6770950875247531
6 0.9509489716287308 0.34189812877602943 0.6103265922676446 0.24408876083936376 0.5602828082561115 0.3443348098271979 0.8941670228513923 0.44046416459997684 0.9509489716287308 0.34189812877602943
6 0.9034853198023841 0.46050114872311876 0.5752052610872854 0.37060006833114506 0.5285635037326227 0.45720133366822296 0.8901563833148746 0.5570185669519357 0.9034853198023841 0.46050114872311876
6 0.8474593769487945 0.5560350104024537 0.5348907212625862 0.4748822241371152 0.5073294493197167 0.5710717901827717 0.8266362697717305 0.6539045896119967 0.8474593769487945 0.5560350104024537
6 0.8206211666557064 0.6636771925361972 0.49791231954682225 0.5944891767577282 0.4741310772226975 0.6755178720803222 0.7825746446022541 0.7588628259083299 0.8206211666557064 0.6636771925361972
6 0.7746695266768574 0.7762158641940614 0.46622595929730104 0.6928709103660537 0.44467979047045564 0.7792878734875097 0.7422601047775548 0.8631449817143001 0.7746695266768574 0.7762158641940614