5 0.515625 0.4150390625 0.552734375 0.669921875
6 0.5322265625 0.6171875 0.28515625 0.076171875
6 0.54296875 0.4873046875 0.263671875 0.068359375
6 0.533203125 0.3740234375 0.248046875 0.05859375
6 0.5419921875 0.2724609375 0.232421875 0.0546875
6 0.54296875 0.1796875 0.2265625 0.05078125
0 0.4638671875 0.1337890625 0.23828125 0.046875
2 0.4541015625 0.2177734375 0.263671875 0.048828125
1 0.4892578125 0.31640625 0.3671875 0.064453125
4 0.4345703125 0.423828125 0.28125 0.06640625
3 0.47265625 0.5478515625 0.39453125 0.076171875