5 0.6083984375 0.59375 0.3427734375 0.3466796875
2 0.5107421875 0.583984375 0.087890625 0.0263671875
1 0.5146484375 0.6142578125 0.0927734375 0.0263671875
0 0.5107421875 0.64453125 0.072265625 0.021484375
3 0.5078125 0.6748046875 0.0654296875 0.0244140625
4 0.5146484375 0.705078125 0.064453125 0.0224609375
6 0.6083984375 0.58203125 0.0869140625 0.0234375
6 0.6103515625 0.6123046875 0.0859375 0.0244140625
6 0.611328125 0.642578125 0.083984375 0.021484375
6 0.6142578125 0.6728515625 0.083984375 0.0224609375
6 0.6123046875 0.703125 0.0849609375 0.0244140625