5 0.4385242065164385 0.4748533227299491 0.458628000060133 0.5020521720293751 0.7526310319671257 0.5770513121393271 0.7918265032300896 0.3272843640265147 0.34769942384369457 0.22831082383274134 0.3218409643180086 0.44316565141011777 0.4385242065164385 0.4748533227299491
0 0.5676329309210533 0.33844854581442946 0.4150655540878159 0.29809471240126834 0.4053646804636457 0.3401138124638411 0.5756353114794052 0.3723507254253591 0.5676329309210533 0.33844854581442946
2 0.5698312077919339 0.32698806924219725 0.5722357198444844 0.32700117773338083 0.5783525004894446 0.3213690529965276 0.5723401119376346 0.3004754327185465 0.41983844196746667 0.25338497078086086 0.4192473686803885 0.25161091426825266 0.41111887905732825 0.2954939975385643 0.5698312077919339 0.32698806924219725
1 0.5701437783925531 0.4142954395737321 0.5706485061561809 0.3808184659511845 0.408488463905765 0.3423212113326894 0.407014867093231 0.3432831280388942 0.40036627421893534 0.38075607424549995 0.5701437783925531 0.4142954395737321
4 0.5556695809073369 0.46134469803491424 0.3954925011092549 0.4189877132773861 0.3856636721811369 0.45722677245647403 0.5528791433667337 0.4942939739758135 0.5556695809073369 0.46134469803491424
3 0.5729684041246365 0.4524666682277618 0.5636649629057233 0.4242000014790339 0.3988700289993298 0.38377948205200113 0.4023172608791218 0.3916985301886326 0.39434890704726916 0.41479102473186263 0.5729684041246365 0.4524666682277618
6 0.7588363723322238 0.33757122590151717 0.6509058784713563 0.3148209340042162 0.6329413940651084 0.3404741700748256 0.7552146000514111 0.37412140821308837 0.7588363723322238 0.33757122590151717
6 0.7437386448078044 0.41861204717571154 0.6345459577314045 0.39611173043075076 0.6198931250582704 0.42307217984361767 0.7451647138805915 0.45416018950203096 0.7437386448078044 0.41861204717571154
6 0.7350690311733918 0.4561642694725345 0.6155884795685589 0.4312894534934168 0.6118919744503314 0.4629461549778431 0.72506370418338 0.48907390750786306 0.7350690311733918 0.4561642694725345
6 0.606214712252059 0.4684526807596 0.5863380892966572 0.47454890941446537 0.5973176408143207 0.47362363349307024 0.5953825029619239 0.5039437219452022 0.7136271866663182 0.5288680470528431 0.7156433655768268 0.4972781927041059 0.606214712252059 0.4684526807596
6 0.6277740136279742 0.3415518268786293 0.6278435266479371 0.3418519814329725 0.642775809000588 0.35579664615262035 0.6330176303771305 0.35235648754043913 0.6280279432817611 0.34264828538536235 0.6382548276429363 0.3868075798511914 0.7474245940084666 0.4167606285964157 0.7510020738305306 0.3784080370167784 0.6277740136279742 0.3415518268786293