5 0.474609375 0.470703125 0.259765625 0.296875
2 0.44248462926012244 0.388593621310617 0.3837769352259631 0.39342841406286205 0.38549954791704105 0.43237509108194855 0.4413384364423932 0.4243284448285757 0.44248462926012244 0.388593621310617
0 0.4456004171040522 0.427244808772281 0.3873627688901079 0.4342869851311898 0.38638273931336287 0.4742304809564024 0.45465689825434646 0.46299432312466493 0.4456004171040522 0.427244808772281
0 0.45272609197182145 0.47104928046743255 0.39171881458581737 0.48048459083019224 0.3937611929971455 0.5157972477597788 0.45737810133122325 0.5066430066517711 0.45272609197182145 0.47104928046743255
3 0.46096069437627235 0.5097900388789959 0.3929431472667501 0.5205179885431828 0.396025084132167 0.5607213834764383 0.46650113637949975 0.54956351202972 0.46096069437627235 0.5097900388789959
4 0.45994446780952164 0.5564171126964156 0.4003671107947909 0.5640143342464261 0.40546362517125945 0.6051262278385008 0.4630609408316452 0.5950675155560867 0.45994446780952164 0.5564171126964156
6 0.5464551842648651 0.36708312139167587 0.45102556274701694 0.38250991787162886 0.4629843112629139 0.4164943199711254 0.5537532382801256 0.4048447017731012 0.5464551842648651 0.36708312139167587
6 0.5566221737337396 0.40805716661647945 0.4590440158336636 0.42451443726132965 0.46244293918693136 0.46192847280280364 0.5618286221294311 0.4462633314967699 0.5566221737337396 0.40805716661647945
6 0.5646660393187858 0.4527584583976995 0.5564446832835512 0.4517763121805245 0.4641317018955986 0.4698734766897639 0.47308478314657404 0.5017095970418656 0.5698734327822846 0.4909650613604983 0.5646660393187858 0.4527584583976995
6 0.5676408363346767 0.4941692637732881 0.4684247675318633 0.507205441147253 0.47834092806952894 0.5470034371419163 0.5714535543441291 0.5326723141552445 0.5676408363346767 0.4941692637732881
6 0.5713424515343484 0.5321496165311023 0.47626546405518694 0.5526623614477172 0.481790579576188 0.5872213215317634 0.5767412175313433 0.5746834921977437 0.5713424515343484 0.5321496165311023