5 0.3955078125 0.5712890625 0.302734375 0.451171875
6 0.3681640625 0.4111328125 0.087890625 0.046875
0 0.4189453125 0.3818359375 0.158203125 0.046875
2 0.4052734375 0.4580078125 0.171875 0.044921875
1 0.39453125 0.5361328125 0.171875 0.046875
4 0.376953125 0.6201171875 0.1796875 0.052734375
3 0.359375 0.708984375 0.166015625 0.052734375
6 0.3095703125 0.7431640625 0.091796875 0.05078125
6 0.326171875 0.6572265625 0.091796875 0.0546875
6 0.3408203125 0.5693359375 0.087890625 0.05078125
6 0.3544921875 0.4921875 0.087890625 0.048828125
5 0.646484375 0.734375 0.21484375 0.294921875
0 0.6611328125 0.6259765625 0.15625 0.068359375
2 0.6455078125 0.7568359375 0.169921875 0.07421875
6 0.6533203125 0.69140625 0.173828125 0.087890625
6 0.63671875 0.8193359375 0.171875 0.09375