5 0.035301451302252124 0.81920485137373 0.42193406925463395 0.9388303468745731 0.7203789913751669 0.44333787128745983 0.41899330613004704 0.34521864967661997 0.4255491571004192 0.34192893623028725 0.414498191849529 0.34384523348336193 0.035301451302252124 0.81920485137373
0 0.5086538578135874 0.39292196760932063 0.4345591654234731 0.3571493945830392 0.3829714969280161 0.4355453543839268 0.46736047551004595 0.4478923642390587 0.5086538578135874 0.39292196760932063
2 0.32923806895466456 0.5232376244570639 0.3940450210673946 0.5405166422384484 0.4511326557300839 0.478197137226417 0.37597774264455064 0.4474033894593368 0.36993985769222454 0.45129436717761845 0.3676217525425536 0.4556235056869446 0.32923806895466456 0.5232376244570639
1 0.38750560108874404 0.5653851095416548 0.3051976674178811 0.541920444144086 0.24488421300571164 0.6179469535594313 0.32601773263295164 0.6431522120275239 0.38750560108874404 0.5653851095416548
3 0.3174828521434932 0.6575200364267274 0.23510443720184032 0.633533411831952 0.17382184993632901 0.716860623939731 0.2630066568844096 0.7370274278542284 0.3174828521434932 0.6575200364267274
4 0.2351439196784626 0.7588937864475063 0.1596391590479 0.7330134815651543 0.09921793084350744 0.816173576013203 0.18151417272269085 0.8377752345243539 0.2351439196784626 0.7588937864475063
6 0.38576024434911077 0.8986957372094642 0.43225160244780747 0.8140951264549086 0.2792758115360218 0.7743829340878563 0.2305945334333375 0.8521790096709106 0.3743929986822069 0.8961077042430797 0.38576024434911077 0.8986957372094642
6 0.5016772959213023 0.7155601523065422 0.35790074195437543 0.6722270773001138 0.3042490303126876 0.7505113765215082 0.4540699486156911 0.7930362273723556 0.5016772959213023 0.7155601523065422
6 0.574031820532886 0.626332611839544 0.4274529227391785 0.5773142258354427 0.3756530489785343 0.6589299584006544 0.5272281826989669 0.7019907010011475 0.574031820532886 0.626332611839544
6 0.4953897006865543 0.485808717367195 0.4901579245535786 0.4874473764308193 0.4871949426711917 0.48712075821842216 0.4467080192733826 0.5573531027198971 0.5799637491747307 0.5974714367644316 0.6255545543728911 0.5367806303121049 0.4953897006865543 0.485808717367195
6 0.683862852669647 0.44281240511657216 0.5557828651028562 0.4018449811753078 0.5112897315486894 0.4691357769450417 0.6367468816965317 0.5095264433955113 0.683862852669647 0.44281240511657216