5 0.23859150911228838 0.5646028587987918 0.9371346051033954 0.4411619781934497 0.8794081413547962 0.0359765869296248 0.2139395089489619 0.22060222230772408 0.23859150911228838 0.5646028587987918
2 0.8122972062239582 0.16426310309679237 0.6365202036576162 0.1962423961881205 0.6369287421304047 0.19712230948005388 0.6447017836738284 0.22639015082468653 0.8417064690397154 0.19270701628678508 0.8122972062239582 0.16426310309679237
0 0.8322833247481505 0.08912135287411682 0.6381577529894678 0.13383122163268013 0.6545447959103639 0.16609546495867467 0.8401259730114568 0.1371139019575781 0.8322833247481505 0.08912135287411682
3 0.8489032555779619 0.3249844239554363 0.687936841032205 0.35919889157563384 0.6914373495619291 0.38960235862963766 0.858320588051969 0.35745219922627597 0.8489032555779619 0.3249844239554363
4 0.8503081024654315 0.2697752622182904 0.670103348183159 0.31012939704069764 0.6787156632351107 0.3381351642634999 0.8536722416175566 0.3022760382943 0.8503081024654315 0.2697752622182904
6 0.4467557855905682 0.23100822906636576 0.29099033019159093 0.2603786269300905 0.29301248307343386 0.29920476702055665 0.45351197016475137 0.2725666914203182 0.4467557855905682 0.23100822906636576
6 0.4397915718179872 0.1689315205064571 0.27797949979634917 0.208933915297785 0.28898622720066125 0.24117695067541023 0.4361458380986112 0.220178122373355 0.4397915718179872 0.1689315205064571
6 0.3182979803155975 0.41225171354709267 0.45185806929693434 0.39358637723978734 0.45532460394993296 0.38487784176457596 0.4436533408208315 0.34250089587445354 0.321135986997649 0.37064559015908183 0.3091039954028294 0.36899741530039326 0.28163824842486634 0.37168151930656934 0.3182979803155975 0.41225171354709267
6 0.471224013085603 0.39498107358376733 0.3124352493752953 0.4296674699112937 0.31625347604967013 0.4671770400504839 0.503386398774316 0.454140027679566 0.471224013085603 0.39498107358376733
6 0.45024645494995835 0.3256020807120581 0.45513734313423937 0.2899799028261698 0.2988015599783876 0.3166671195526316 0.30697508832366077 0.35512054710647933 0.45024645494995835 0.3256020807120581
1 0.8235371430110681 0.21541267980727385 0.6755303861540958 0.24219911270444608 0.6739575444293995 0.28365835888768803 0.8215842127265954 0.2550837499079244 0.8235371430110681 0.21541267980727385