5 0.7248887274498037 0.4145090427259758 0.4381050302367617 0.26522191404611095 0.05487665182073619 0.6703312469698967 0.36211823669663096 0.8250116877591057 0.7248887274498037 0.4145090427259758
0 0.5262712773641949 0.32496900197200373 0.4587327297743496 0.2832513485809606 0.401899484979909 0.346491741245485 0.4798249018390002 0.38205763538078563 0.5262712773641949 0.32496900197200373
2 0.32982885612565216 0.4190182518872855 0.40666164349287 0.4602052374629707 0.4612827920624429 0.4047056189656858 0.3825515635044724 0.3648604956472031 0.32982885612565216 0.4190182518872855
1 0.3809427826064159 0.48340295392658517 0.3127231655645353 0.4433722735245866 0.24994069973660668 0.5026641298790904 0.3302275096183007 0.5406337842981808 0.3809427826064159 0.48340295392658517
3 0.3080017928388434 0.5553584044818465 0.23722801603399807 0.5214100682860913 0.17960415386427273 0.5868893628302341 0.24795435607897148 0.6185674940884992 0.3080017928388434 0.5553584044818465
4 0.21963756194836281 0.6315582709857166 0.15609616762476083 0.6009433851318668 0.09301608906127742 0.6686900622839345 0.16081496144089863 0.6982897934969741 0.21963756194836281 0.6315582709857166
6 0.4066486051358263 0.7211148964576558 0.26729748297596817 0.655422469458779 0.21020490616182796 0.7243119704962169 0.3478852864960044 0.7924561863610569 0.4066486051358263 0.7211148964576558
6 0.48243177717039515 0.6457530898639188 0.34825118620268897 0.5743482570459453 0.2896108430851167 0.6450568927324913 0.421832864697009 0.7068845299048441 0.48243177717039515 0.6457530898639188
6 0.5558677596934289 0.5628133650073627 0.435671201193843 0.5079207064012956 0.42462571398631577 0.5057736811833198 0.37581043361082783 0.5652547201820947 0.5015247785787774 0.6310729743932944 0.5558677596934289 0.5628133650073627
6 0.6210145428796365 0.4881146507514728 0.4973407376633805 0.4240855949719446 0.4419414586103425 0.4854925207528704 0.5685170698693494 0.5468799440075907 0.6210145428796365 0.4881146507514728
6 0.6905815177125777 0.41033500645761156 0.5681175099841155 0.34253945523494134 0.514333917452427 0.40300651367750506 0.6429328824187255 0.4687289229788425 0.6905815177125777 0.41033500645761156