5 0.8854166666666667 0.80625 0.9375 0.23125 0.04861111111111111 0.1859375 0.010416666666666668 0.8109375 0.8854166666666667 0.80625
0 0.4166666666666667 0.31875000000000003 0.44097222222222227 0.2265625 0.1388888888888889 0.209375 0.12847222222222224 0.3 0.4166666666666667 0.31875000000000003
2 0.21180555555555555 0.42812500000000003 0.4756944444444445 0.4328125 0.4861111111111111 0.35781250000000003 0.12847222222222224 0.34218750000000003 0.15625 0.42031250000000003 0.21180555555555555 0.42812500000000003
1 0.4444444444444445 0.578125 0.4618055555555556 0.47500000000000003 0.11111111111111112 0.4609375 0.09375 0.55625 0.4444444444444445 0.578125
4 0.45833333333333337 0.6843750000000001 0.44097222222222227 0.6015625 0.10416666666666667 0.5906250000000001 0.09375 0.678125 0.45833333333333337 0.6843750000000001
3 0.42708333333333337 0.7875 0.4236111111111111 0.7015625 0.08333333333333334 0.6921875000000001 0.09722222222222222 0.7859375000000001 0.42708333333333337 0.7875
6 0.8680555555555556 0.346875 0.8993055555555556 0.23750000000000002 0.545138888888889 0.225 0.5208333333333334 0.33437500000000003 0.8680555555555556 0.346875
6 0.8923611111111112 0.4609375 0.8819444444444445 0.3640625 0.5416666666666667 0.35625 0.5173611111111112 0.45156250000000003 0.8923611111111112 0.4609375
6 0.8541666666666667 0.5703125 0.8506944444444445 0.4703125 0.5277777777777778 0.46718750000000003 0.5243055555555556 0.5671875000000001 0.8541666666666667 0.5703125
6 0.8368055555555556 0.6828125 0.8506944444444445 0.58125 0.5208333333333334 0.5921875 0.5173611111111112 0.6765625000000001 0.8368055555555556 0.6828125
6 0.8229166666666667 0.7937500000000001 0.8333333333333334 0.7015625 0.513888888888889 0.6953125 0.513888888888889 0.784375 0.8229166666666667 0.7937500000000001