5 0.45354666666666665 0.7406906474820144 0.5115588888888889 0.46616946442845725 0.25709777777777776 0.42892326139088727 0.19935 0.7073229416466826 0.45354666666666665 0.7406906474820144
0 0.37321333333333334 0.49586490807354117 0.3786077777777778 0.46372661870503595 0.28997666666666666 0.44994644284572344 0.28458222222222224 0.4809040767386091 0.37321333333333334 0.49586490807354117
2 0.27982375251877656 0.5033262492640042 0.2745633333333333 0.5352070343725019 0.3562577777777778 0.5490599520383693 0.36319444444444443 0.5185835331734613 0.27982375251877656 0.5033262492640042
1 0.34469666666666665 0.5983756994404477 0.35394555555555557 0.5706706634692246 0.26396555555555556 0.5566810551558753 0.2622322222222222 0.5895099920063949 0.34469666666666665 0.5983756994404477
4 0.33159555555555553 0.6554500399680255 0.34161444444444444 0.6210951239008793 0.24758888888888891 0.6086618705035971 0.24681777777777777 0.6449216626698641 0.33159555555555553 0.6554500399680255
3 0.24219333333333332 0.6670863309352517 0.24060764649852465 0.6672129829464042 0.23294555555555557 0.7003333333333333 0.3138688888888889 0.709199040767386 0.31926444444444446 0.673181454836131 0.24219333333333332 0.6670863309352517
6 0.3793788888888889 0.4975275779376499 0.45722 0.5163669064748202 0.4664677777777778 0.47647082334132695 0.3847733333333333 0.4620639488409273 0.3778377777777778 0.49309432454036767 0.3793788888888889 0.4975275779376499
6 0.4518244444444444 0.5612501998401279 0.45953222222222223 0.537423661071143 0.37186444444444444 0.5150959232613909 0.36165222222222226 0.5457354116706635 0.4518244444444444 0.5612501998401279
6 0.43487 0.6149992006394884 0.44180555555555556 0.5933892885691447 0.43487 0.578982414068745 0.35163333333333335 0.5670767386091127 0.34238555555555555 0.6005923261390888 0.43487 0.6149992006394884
6 0.42099666666666663 0.6643157474020783 0.43101555555555554 0.6332853717026379 0.34469666666666665 0.6238657074340528 0.34103666666666665 0.6246027178257394 0.33699 0.6537873701039169 0.42099666666666663 0.6643157474020783
6 0.41020666666666666 0.7158481215027978 0.4202255555555555 0.6875883293365308 0.3304388888888889 0.6772765787370104 0.32080555555555557 0.7058745003996802 0.41020666666666666 0.7158481215027978