5 0.7189243631914587 0.19533487612214667 0.19340712276839853 0.2511479105675906 0.24079369518011495 0.7456563620902464 0.8284350799016034 0.6736765555739838 0.7189243631914587 0.19533487612214667
0 0.42745272465494943 0.23728126563191299 0.21424228081928687 0.25839466837782027 0.22304171947779985 0.3139521375362968 0.42351253381633175 0.3011844009144094 0.42745272465494943 0.23728126563191299
2 0.4246058617423675 0.33130798809055184 0.228523268920601 0.3553372790483389 0.23336368389952808 0.41547420669133317 0.43169358870209545 0.3957735260621126 0.4246058617423675 0.33130798809055184
1 0.44571985619313664 0.4251750661582829 0.23879254646566797 0.44975069594126166 0.25331529625479876 0.511867979181495 0.4507404232201898 0.48645475611235733 0.44571985619313664 0.4251750661582829
4 0.46378683211316973 0.5195247445506631 0.25265094483308387 0.5471095387186675 0.25436853521831354 0.6171108051356305 0.4744636798952468 0.5869357084067071 0.46378683211316973 0.5195247445506631
3 0.4727128502125355 0.6153228412222034 0.26570973442210555 0.6492802094545018 0.27602463196069577 0.7144059094124939 0.4822280412011907 0.6852597518334109 0.4727128502125355 0.6153228412222034
6 0.7131497367055336 0.27975128277416145 0.692608755917892 0.20921746173390665 0.45753602507406 0.2335657059185151 0.4588028509262639 0.2415641295616971 0.4777150556182147 0.3018142630607178 0.7131497367055336 0.27975128277416145
6 0.7084275967835069 0.2992386601597745 0.4870656262543696 0.321415333245516 0.4925541356573091 0.3955045271339339 0.7236749723616881 0.36592572352884467 0.7084275967835069 0.2992386601597745
6 0.7199342394134163 0.38174377454300096 0.5005628974519161 0.4164887817628157 0.5131243816692306 0.48594383971664123 0.7380761983227936 0.46671184484811573 0.7199342394134163 0.38174377454300096
6 0.7351351719244568 0.4777186852090563 0.523999284644371 0.5053034793770608 0.5311913575892638 0.5802935181090214 0.7476966561417715 0.5471737431628818 0.7351351719244568 0.4777186852090563
6 0.7532771308338341 0.562686755514171 0.5295170592715904 0.5992981648079311 0.5401181009907061 0.6760908671132946 0.761736852704548 0.6456750875272594 0.7532771308338341 0.562686755514171