5 0.638379976691651 0.3378166367035188 0.3983486056997694 0.312486614983276 0.36563709829925406 0.5428987924856784 0.6168435210796874 0.5762284636034422 0.638379976691651 0.3378166367035188
2 0.443359375 0.3515625 0.09765625 0.05078125
1 0.439453125 0.396484375 0.09765625 0.044921875
4 0.4326171875 0.4375 0.09375 0.044921875
0 0.4287109375 0.482421875 0.091796875 0.05078125
3 0.4228515625 0.5263671875 0.1015625 0.05078125
6 0.55078125 0.361328125 0.1171875 0.05078125
6 0.5498046875 0.40625 0.125 0.048828125
6 0.5380859375 0.447265625 0.11328125 0.05078125
6 0.5361328125 0.4912109375 0.12109375 0.0546875
6 0.529296875 0.5341796875 0.1171875 0.05078125