5 0.5550608333333333 0.4749075 0.5500508333333334 0.326123125 0.4428458333333333 0.331383125 0.44184416666666665 0.472653125 0.5550608333333333 0.4749075
0 0.4889341666666667 0.35768375 0.4889341666666667 0.332134375 0.4478558333333334 0.33363750000000003 0.44184416666666665 0.360689375 0.4889341666666667 0.35768375
3 0.44986000000000004 0.472653125 0.49194 0.471901875 0.49093833333333337 0.44635312499999996 0.4478558333333334 0.447855625 0.4468541666666667 0.46213312500000003 0.44986000000000004 0.472653125
4 0.4508225 0.4197925 0.44890163088035395 0.4203327838881984 0.44844500000000004 0.44261937500000004 0.48506250000000006 0.44261937500000004 0.48363583333333343 0.418009375 0.4508225 0.4197925
1 0.48981749999999996 0.41194625 0.48839083333333333 0.388763125 0.44892 0.388763125 0.4465425 0.41337312500000006 0.48981749999999996 0.41194625
2 0.48648916666666675 0.382343125 0.49172 0.36094312500000003 0.4470183333333334 0.361656875 0.44464000000000004 0.38412625 0.48648916666666675 0.382343125
6 0.5440308333333334 0.35274 0.5468841666666667 0.34846 0.5430791666666668 0.32920000000000005 0.49219583333333333 0.33027 0.4931466666666667 0.355236875 0.5440308333333334 0.35274
6 0.49219583333333333 0.38127312500000005 0.5449816666666667 0.38056 0.5459325 0.35595 0.4936225 0.35880312500000006 0.49029333333333336 0.38056 0.49219583333333333 0.38127312500000005
6 0.5440308333333334 0.410519375 0.5449816666666667 0.38519624999999996 0.4931466666666667 0.388763125 0.49172 0.41158937500000004 0.5440308333333334 0.410519375
6 0.5445058333333334 0.439765625 0.5440308333333334 0.41479937499999997 0.4936225 0.41765250000000004 0.49029333333333336 0.4401225 0.5445058333333334 0.439765625
6 0.5454575 0.46936875 0.5449816666666667 0.4444025 0.49504833333333337 0.444759375 0.4936225 0.46936875 0.5454575 0.46936875