5 0.6505741666666667 0.702786875 0.6539516666666667 0.25345125 0.15198333333333333 0.22037625 0.14058500000000002 0.6863325 0.6505741666666667 0.702786875
3 0.35135916666666667 0.663166875 0.350125 0.603975625 0.17120666666666667 0.601768125 0.16873916666666666 0.661316875 0.35135916666666667 0.663166875
4 0.3550608333333333 0.57808 0.35629500000000003 0.522588125 0.17274916666666668 0.516164375 0.17244083333333335 0.574380625 0.3550608333333333 0.57808
1 0.17120666666666667 0.4282525 0.16750500000000001 0.48836875 0.3550608333333333 0.49206812499999997 0.3538266666666667 0.43195187500000004 0.17120666666666667 0.42477750000000003 0.17244083333333335 0.4310275 0.17120666666666667 0.4282525
2 0.3550608333333333 0.3977325 0.35259333333333337 0.34039125 0.17429166666666668 0.339174375 0.17367416666666666 0.391258125 0.3550608333333333 0.3977325
0 0.36616583333333336 0.316345 0.36616583333333336 0.25715375 0.18200333333333335 0.24431625 0.18107833333333334 0.30617125 0.36616583333333336 0.316345
6 0.6203541666666667 0.33669187500000003 0.6215875000000001 0.268251875 0.41490583333333336 0.258198125 0.4204583333333334 0.32374375 0.6203541666666667 0.33669187500000003
6 0.61912 0.41900437500000004 0.6228216666666667 0.35426375 0.41799083333333337 0.3414875 0.41182083333333336 0.409755625 0.61912 0.41900437500000004
6 0.6203541666666667 0.50224125 0.6178858333333334 0.49946687500000003 0.6154183333333333 0.434726875 0.41182083333333336 0.43056125 0.39578 0.497616875 0.6203541666666667 0.50224125
6 0.6141841666666666 0.5873287500000001 0.6141841666666666 0.52166375 0.41182083333333336 0.512694375 0.4007158333333333 0.58455375 0.6141841666666666 0.5873287500000001
6 0.6141841666666666 0.671490625 0.61295 0.6021262500000001 0.4142891666666667 0.60120125 0.40688583333333334 0.66871625 0.6141841666666666 0.671490625