5 0.4771579980372914 0.63500693481276 0.4505142296368989 0.42276768377253815 0.1683375858684985 0.4364604715672677 0.1998253189401374 0.6521234396671289 0.4771579980372914 0.63500693481276
0 0.3257752698724239 0.48010610263522885 0.32335328753680076 0.44501872399445214 0.18287046123650635 0.4510090152565881 0.1877144259077527 0.48609708737864077 0.3257752698724239 0.48010610263522885
2 0.19376938174681058 0.523752427184466 0.3354631992149166 0.5160499306518724 0.33304121687929344 0.4895201109570042 0.1877144259077527 0.4955110957004161 0.19013640824337583 0.501501386962552 0.19376938174681058 0.523752427184466
1 0.19740235525024533 0.5699660194174757 0.3136643768400392 0.563119278779473 0.3112423945044161 0.5254639389736477 0.19619136408243376 0.5374452149791955 0.1877144259077527 0.5502822468793342 0.19740235525024533 0.5699660194174757
4 0.3378861629048086 0.5973515950069348 0.3294082433758586 0.5673987517337031 0.19619136408243376 0.57424479889043 0.1998253189401374 0.6093328710124827 0.3378861629048086 0.5973515950069348
3 0.20588027477919527 0.6461324549237171 0.336675171736997 0.6392864077669903 0.33061923454367026 0.6084771151178918 0.20588027477919527 0.6161796116504854 0.20345829244357214 0.6230256588072123 0.20588027477919527 0.6461324549237171
6 0.4468812561334642 0.46898127600554784 0.4384033366045142 0.43474895977808603 0.3608959764474975 0.445874479889043 0.36452894995093227 0.47154854368932037 0.4468812561334642 0.46898127600554784
6 0.45293621197252204 0.5100596393897364 0.44567026496565254 0.48010610263522885 0.36573994111874386 0.4852413314840499 0.3693729146221786 0.5169056865464633 0.45293621197252204 0.5100596393897364
6 0.45414720314033363 0.5502822468793342 0.4505142296368989 0.5169056865464633 0.3693729146221786 0.5271754507628295 0.3730068694798822 0.551993758668516 0.45414720314033363 0.5502822468793342
6 0.461414131501472 0.5896490984743412 0.45778115799803726 0.5588404993065187 0.3754288518155054 0.5648307905686547 0.3778508341511285 0.5947843273231622 0.461414131501472 0.5896490984743412
6 0.46625809617271835 0.6315839112343967 0.4626251226692836 0.6007746185852982 0.3814838076545633 0.6059098474341192 0.38269479882237484 0.6358626907073509 0.46625809617271835 0.6315839112343967