5 0.5782133333333334 0.8462975746268656 0.6380755555555556 0.4499710820895523 0.34420666666666666 0.4194207089552239 0.2778144444444444 0.8033777985074627 0.5782133333333334 0.8462975746268656
0 0.46175444444444447 0.5148078358208955 0.47590333333333334 0.4764533582089552 0.3741377777777778 0.4548292910447761 0.3648866666666667 0.5011100746268657 0.46175444444444447 0.5148078358208955
2 0.3648866666666667 0.5741651119402985 0.4530466666666667 0.5851240671641791 0.46066555555555555 0.5422033582089552 0.36271000000000003 0.5275923507462686 0.3605333333333334 0.5732518656716418 0.3648866666666667 0.5741651119402985
1 0.4399866666666667 0.6609188432835821 0.4541355555555555 0.6161725746268657 0.35373000000000004 0.5918945895522387 0.34747222222222224 0.6499608208955224 0.4399866666666667 0.6609188432835821
4 0.3376766666666667 0.7175373134328359 0.4203955555555555 0.7339748134328359 0.4345444444444444 0.6864888059701493 0.3455677777777778 0.6775606343283582 0.34094222222222226 0.6755298507462687 0.3376766666666667 0.7175373134328359
3 0.4062455555555555 0.7978983208955224 0.41930666666666666 0.7613703358208955 0.3333233333333333 0.7472350746268656 0.3333233333333333 0.7915055970149254 0.4062455555555555 0.7978983208955224
6 0.5695066666666667 0.5312453358208955 0.58039 0.4855848880597015 0.48352222222222224 0.47006063432835815 0.4726388888888889 0.516634328358209 0.5695066666666667 0.5312453358208955
6 0.5564455555555555 0.5979085820895522 0.5629755555555556 0.5622938432835821 0.5564455555555555 0.5531613805970149 0.46665222222222225 0.5416371268656717 0.46066555555555555 0.5832975746268656 0.5564455555555555 0.5979085820895522
6 0.5433844444444444 0.6737033582089552 0.54665 0.6344365671641791 0.5488266666666667 0.6289570895522387 0.45440777777777774 0.6135970149253731 0.4465166666666667 0.6609188432835821 0.5433844444444444 0.6737033582089552
6 0.5466844444444444 0.7421389925373134 0.5533022222222223 0.6971035447761194 0.44576666666666664 0.6853684701492537 0.43712666666666666 0.7285662313432836 0.5466844444444444 0.7421389925373134
6 0.5327144444444444 0.8130848880597015 0.5385966666666667 0.7668152985074627 0.4356566666666667 0.7563591417910448 0.42830333333333337 0.8001296641791045 0.5327144444444444 0.8130848880597015