5 0.43145482755973147 0.2843892678451968 0.18984646595671706 0.3532429956546995 0.30563019244895934 0.890343430392846 0.5702607107704242 0.8322948477797654 0.43145482755973147 0.2843892678451968
0 0.41345367924943094 0.2959274995605595 0.2095027229087006 0.35495545919832366 0.21751291826594207 0.38267539305630494 0.4159351523225375 0.3235089642682194 0.41345367924943094 0.2959274995605595
2 0.44427662485601765 0.4283627727365824 0.437450193766934 0.4009834530803895 0.23356649204060534 0.45697816699305943 0.22992377314156745 0.4500814329793052 0.23737072370011247 0.48435672524724194 0.44427662485601765 0.4283627727365824
1 0.46641207566359183 0.49510719201711967 0.25762955578879576 0.5534898442767592 0.2634360139222632 0.5800844843878417 0.4728237418412971 0.5296406096721059 0.46641207566359183 0.49510719201711967
4 0.4885454589282466 0.6059153683833403 0.2791568139332463 0.6607659891507842 0.28432771267224916 0.6947269460866426 0.5030269545626016 0.6419614501889918 0.4885454589282466 0.6059153683833403
3 0.502815976256025 0.7292593615143925 0.3044654825687139 0.7743909139268044 0.3165990657152069 0.8109386587065202 0.5075731885535525 0.7615611127583191 0.502815976256025 0.7292593615143925
6 0.41363775878865794 0.7902695379098994 0.30834883253575324 0.8175136253658066 0.32694164977739165 0.8656421125308438 0.42749761538874764 0.8458583865030801 0.41363775878865794 0.7902695379098994
6 0.3836419937689363 0.6787775053914593 0.2811808524587258 0.7085488088701832 0.2942559749099641 0.7609902607012562 0.4010192741081158 0.7352523551883264 0.3836419937689363 0.6787775053914593
6 0.3604742330066564 0.5682278724344257 0.2532367567003777 0.5964711623977008 0.264881052147577 0.647581085516526 0.375368618305556 0.6235587840532484 0.3604742330066564 0.5682278724344257
6 0.3368921606126586 0.46483093619383653 0.23357022076491588 0.4955569702653507 0.24605777541221646 0.5456418163512309 0.34971748851393847 0.5206777217613756 0.3368921606126586 0.46483093619383653
6 0.31434445552353407 0.36558262061790603 0.20873089013421997 0.39593185656996266 0.22082017066813778 0.44882651739030693 0.3269631015980128 0.416193245700462 0.31434445552353407 0.36558262061790603
0 0.8303555941230035 0.4519544657471458 0.617657124291681 0.5067484997441782 0.6414481074493359 0.56691128174505 0.8564223165050792 0.5168375342842841 0.8303555941230035 0.4519544657471458
2 0.8829008191796476 0.6230370079600208 0.6572373404405001 0.6743104859285702 0.6799234557701812 0.7476707049298892 0.9133124995777006 0.6877179314456925 0.8829008191796476 0.6230370079600208
6 0.8450420268291134 0.5284873498454296 0.635653663527085 0.5921502910433876 0.665858188109279 0.6604075628872812 0.8806252413491632 0.6139101637847373 0.8450420268291134 0.5284873498454296
6 0.9354458828423553 0.7985261078119129 0.9015183620663226 0.7021150989539229 0.6812988925183925 0.7542882768316423 0.677026077511495 0.7624931851811518 0.7045400568629889 0.8508097041961202 0.9354458828423553 0.7985261078119129