5 0.10277750000000001 0.860416875 0.675 0.920833125 0.6694441666666667 0.022916875 0.09074916666666667 0.05663125 0.10277750000000001 0.860416875
2 0.38333333333333336 0.135416875 0.13148578398250876 0.14430946329595803 0.12796219304639964 0.14544142303492266 0.125 0.245833125 0.3861108333333334 0.23333312500000003 0.38333333333333336 0.135416875
1 0.3888891666666667 0.36875 0.38333333333333336 0.27708312500000004 0.1226175 0.277730625 0.12777750000000002 0.3625 0.3888891666666667 0.36875
4 0.11944416666666667 0.627083125 0.3888891666666667 0.6375000000000001 0.3805558333333333 0.541666875 0.12868069221566095 0.5419971721127432 0.11944416666666667 0.627083125
3 0.125 0.75625 0.3916666666666667 0.75625 0.3916666666666667 0.672916875 0.12415644259086461 0.6594206826774837 0.125 0.75625
6 0.3972225 0.225 0.6166666666666667 0.214583125 0.625 0.1125 0.3954641666666667 0.127023125 0.3919483333333334 0.12480375 0.3972225 0.225
6 0.625 0.25625 0.39525239695184344 0.2635140481733121 0.3929905792398593 0.26125368220568734 0.4 0.3625 0.4277775 0.360416875 0.6194441666666667 0.360416875 0.6194441666666667 0.314583125 0.625 0.25625
6 0.6222225 0.491666875 0.6166666666666667 0.40416687500000004 0.3903416666666667 0.40842687499999997 0.3972225 0.495833125 0.6222225 0.491666875
6 0.625 0.6375000000000001 0.6194441666666667 0.552083125 0.39355333333333337 0.543854375 0.3972225 0.625 0.625 0.6375000000000001
6 0.6305558333333334 0.775 0.625 0.691666875 0.4014533333333334 0.67326 0.40277750000000007 0.76875 0.6305558333333334 0.775
0 0.3888891666666667 0.504166875 0.3861108333333334 0.41666687500000005 0.13497916666666668 0.408544375 0.12777750000000002 0.49791687500000004 0.3888891666666667 0.504166875