5 0.8019818026189289 0.14406235481664686 0.10456024183439334 0.12809473240734925 0.04640685626360757 0.8285982140012462 0.8611844080149371 0.8193738550975671 0.8019818026189289 0.14406235481664686
0 0.4383517855183519 0.1510546386265746 0.13680344084468893 0.1412390129309729 0.12742492285927648 0.2302187426824578 0.4273546032567696 0.2366871081609489 0.4383517855183519 0.1510546386265746
2 0.11724467683526937 0.3626534579222934 0.45039427387064496 0.36386125470371466 0.44661832748558283 0.2667823684701266 0.13826390051625287 0.2643006066377162 0.11724467683526937 0.3626534579222934
1 0.4220728079436703 0.41126400210600167 0.1325311118294695 0.4034435103683561 0.12161562864552176 0.4937565169256812 0.43197193188911154 0.5012136883444279 0.4220728079436703 0.41126400210600167
4 0.4303826008885419 0.6487145160855146 0.42860574957365405 0.5469187724320235 0.09957186282047409 0.5430099852280551 0.1038019812365664 0.5467361019878101 0.09731359198891744 0.6521872757186068 0.4303826008885419 0.6487145160855146
3 0.4456891422553724 0.809965064343966 0.4249549327989238 0.6956257617649579 0.09197456030849259 0.7041764978798257 0.08570371027609226 0.7027182172000874 0.09374447429182164 0.8055748020744922 0.4456891422553724 0.809965064343966
6 0.832690545621348 0.7950174319638118 0.8287307817654853 0.6874076498809891 0.47428303580793396 0.6887200658915346 0.460421241808143 0.6996886581240932 0.4892766129532614 0.8021819226795992 0.832690545621348 0.7950174319638118
6 0.8053019568603474 0.5380025341327931 0.474228125498176 0.5364703358372526 0.47619382275846933 0.6490850564571454 0.8195464865722072 0.6384104754265495 0.8053019568603474 0.5380025341327931
6 0.8212175057426573 0.4955895598036043 0.7882607151221407 0.39667967065318355 0.4586900005487432 0.3918113562458801 0.4610302493236224 0.4960251355364533 0.7984855026207286 0.5053502745653572 0.8212175057426573 0.4955895598036043
6 0.794421218932876 0.27250761803176515 0.4695533020943772 0.2686498824030427 0.4712921726097559 0.3682697075099497 0.8044826082761949 0.371817147898037 0.794421218932876 0.27250761803176515
6 0.7980529068890148 0.24201334191154583 0.7924197115161242 0.1578413349223734 0.46745857701174226 0.14864316279189688 0.46078146015495525 0.24321847382706718 0.7460787688617744 0.24643171363203858 0.7980529068890148 0.24201334191154583