5 0.4919751490684892 0.7627582142477844 0.508717883765358 0.35969583423375406 0.24659925264530458 0.33083388414299886 0.20333796517586683 0.7803909823699675 0.4766229433081075 0.7673216907025722 0.4919751490684892 0.7627582142477844
4 0.31448939122294056 0.6886161169365468 0.24820111262853117 0.6937179943301384 0.2390852903569347 0.7682578588994541 0.3127168237374467 0.7652126087808995 0.31448939122294056 0.6886161169365468
3 0.31686499145514924 0.6787251073418514 0.32742327861028014 0.6041096463912959 0.2593511436984674 0.6027942139109074 0.25638002570415924 0.601322067687014 0.2485801763011543 0.6733514940896039 0.31686499145514924 0.6787251073418514
1 0.3315725559163547 0.5176220868011855 0.25912828421274753 0.5157221732696531 0.26147154072404644 0.588033637047365 0.32793105347458995 0.5861778716341227 0.3315725559163547 0.5176220868011855
2 0.33716433081593633 0.4310595549732944 0.2675635100833772 0.42819575574431334 0.2631924828799546 0.4276112165421071 0.25836260917291326 0.5011122231761936 0.3350503391866008 0.5011625164189679 0.33716433081593633 0.4310595549732944
0 0.33651874239480145 0.3635420620831896 0.3319775579136441 0.35971072860611264 0.32595135287453225 0.3551429808698282 0.27026921291754546 0.3417838506865051 0.2622992062368055 0.41056648281422425 0.3390709053009886 0.4122402313454965 0.33651874239480145 0.3635420620831896
6 0.4914642689090257 0.3660018358219218 0.3809092965877056 0.3547048538946609 0.3769274795904711 0.4167670501778564 0.48429868638527346 0.4225343292528244 0.4914642689090257 0.3660018358219218
6 0.3730353063730074 0.43917999411608377 0.3709464944847015 0.44068284652034584 0.36823701780323914 0.49942327629088984 0.47713687770881524 0.506738297970991 0.48404611472759324 0.4453356712788447 0.3730353063730074 0.43917999411608377
6 0.3740618314320783 0.5829466449736483 0.48126288094914565 0.5854671297737456 0.48227357995207204 0.5219327872666566 0.3693004517241231 0.5197148042936436 0.3693429746885705 0.5205261907906317 0.3651910331235738 0.5793422169424157 0.3740618314320783 0.5829466449736483
6 0.4682013919584912 0.6675388166845728 0.47349803952597264 0.6029656162422548 0.36650967025108744 0.6045033122140164 0.36803829065188853 0.6060504306756903 0.356884518444631 0.6693033599511164 0.4682013919584912 0.6675388166845728
6 0.4721082768504232 0.6868664589898781 0.3593903845390766 0.6895186674291711 0.35447654178153976 0.7613962187747598 0.46956895744669574 0.748853683035293 0.4721082768504232 0.6868664589898781