5 0.6971574585957528 0.3151986571344513 0.35625591555030744 0.23637010100267317 0.3117203495094968 0.5806305075250255 0.6486851364790236 0.6539664408180448 0.6971574585957528 0.3151986571344513
0 0.504277149744842 0.28330000765932223 0.37283768669701933 0.2504206192374227 0.3679948596627096 0.3068193753865027 0.49095907212670997 0.3366944125934069 0.504277149744842 0.28330000765932223
2 0.49276953862415795 0.3460284086552213 0.3620620457094066 0.3185635631826235 0.3482712763236811 0.37508149293114573 0.48379506823139573 0.40636962562335704 0.49276953862415795 0.3460284086552213
1 0.48327017570969644 0.4129357118783876 0.34775753536017734 0.38589180344158963 0.34159600537381635 0.44263977099891366 0.47449499904072895 0.46812116592931197 0.48327017570969644 0.4129357118783876
4 0.4717264050127627 0.480113264167135 0.3418912334479519 0.45423857860047806 0.3302136336436785 0.5091123473829313 0.4629510051780667 0.5352996848550284 0.4717264050127627 0.480113264167135
3 0.459856812352196 0.5487021064306705 0.33070831500579784 0.524145635014164 0.3219822415253341 0.5748258728280362 0.4529995152258625 0.5998728384735904 0.459856812352196 0.5487021064306705
6 0.6292982571911406 0.5833622287546936 0.5032815939848473 0.5602700178544247 0.49477222451911773 0.6035728170155683 0.623743801587882 0.6288897341723989 0.6292982571911406 0.5833622287546936
6 0.6457466872113932 0.5121162509521182 0.5134915433335002 0.48920875480783166 0.5041990451153513 0.5455647830150676 0.6372971093403301 0.5658913816652235 0.6457466872113932 0.5121162509521182
6 0.6537802976209635 0.4515578193415605 0.5161909172129344 0.42384813461682774 0.5137332787567707 0.4742080309447483 0.6440991316957615 0.5020766099029099 0.6537802976209635 0.4515578193415605
6 0.6634425715172414 0.3839448711310001 0.5326438272100089 0.35794547051664366 0.5252057959847682 0.41593004543297135 0.6596621996694526 0.44325649054033733 0.6634425715172414 0.3839448711310001
6 0.6733940614694456 0.319371717512438 0.5377406871731396 0.2875629158090903 0.5341613743486068 0.3384946708156245 0.6665367643431122 0.370542449555358 0.6733940614694456 0.319371717512438