5 0.34579100529100526 0.45817162698412695 0.39891666666666664 0.4574474206349206 0.4076084656084656 0.47916666666666663 0.34096164021164016 0.49147420634920636 0.3641441798941799 0.6080337301587302 0.587265873015873 0.5993452380952381 0.6249365079365079 0.5653194444444444 0.5727777777777777 0.2728363095238095 0.31633201058201055 0.2881398809523809 0.31005291005291 0.2815238095238095 0.34579100529100526 0.45817162698412695
0 0.3380648148148148 0.3401646825396826 0.44624470899470897 0.33220138888888884 0.439484126984127 0.2887628968253968 0.3308201058201058 0.2962896825396826 0.32840476190476187 0.3025188492063492 0.3380648148148148 0.3401646825396826
2 0.45204100529100527 0.4024265873015873 0.44527910052910047 0.3503005952380952 0.3441018518518519 0.36058234126984123 0.3535185185185185 0.41111408730158727 0.45204100529100527 0.4024265873015873
1 0.40181349206349204 0.44875992063492065 0.41437037037037033 0.47265079365079365 0.46073412698412697 0.471203373015873 0.45204100529100527 0.42921329365079364 0.3535185185185185 0.43066071428571423 0.35255291005291 0.43392956349206346 0.35834788359788355 0.45093253968253966 0.40181349206349204 0.44875992063492065
4 0.35996385053828617 0.49940342544504 0.3660753968253968 0.5399801587301587 0.47715343915343916 0.5312926587301587 0.4665291005291005 0.49364583333333334 0.35996385053828617 0.49940342544504
3 0.48681216931216925 0.5971736111111111 0.4732896825396825 0.5537361111111111 0.36945634920634923 0.5670426587301587 0.3786322751322751 0.6036894841269841 0.48681216931216925 0.5971736111111111
6 0.5747089947089947 0.32496130952380947 0.566015873015873 0.28297123015873016 0.4472103174603174 0.29238293650793645 0.45493783068783067 0.33582142857142855 0.5747089947089947 0.32496130952380947
6 0.5824365079365079 0.39808234126984127 0.5747089947089947 0.3437847222222222 0.46073412698412697 0.35174801587301585 0.46556349206349207 0.4017023809523809 0.5824365079365079 0.39808234126984127
6 0.5969246031746032 0.46179166666666666 0.587265873015873 0.40966567460317455 0.46846031746031747 0.4194414682539683 0.4781190476190476 0.4675833333333333 0.5969246031746032 0.46179166666666666
6 0.5003359788359788 0.5349126984126984 0.6036865079365079 0.5240525793650793 0.5978915343915343 0.47699503968253965 0.48391534391534385 0.48568253968253966 0.49550529100529095 0.5341884920634921 0.5003359788359788 0.5349126984126984
6 0.5853346560846561 0.592830357142857 0.6075502645502645 0.5740069444444444 0.6027208994708995 0.5443244047619047 0.4889854497354497 0.5498373015873016 0.49840343915343915 0.5978978174603174 0.5853346560846561 0.592830357142857