5 0.8082484638301469 0.13249156305942594 0.08771668691785117 0.2582033646395146 0.12558683268623963 0.8239787802534562 0.9559764595568677 0.7002962391564731 0.8082484638301469 0.13249156305942594
3 0.40610039556599076 0.7678290798877554 0.3928549925258544 0.6792137482925833 0.13659355527846304 0.7243995537944277 0.12781645193885938 0.7286226112589211 0.14384929226015944 0.8060460431984344 0.40610039556599076 0.7678290798877554
4 0.3891596997626824 0.5367524096085452 0.1191530917316231 0.5951136969510049 0.12120530925722826 0.6776256340701784 0.39870152345387816 0.6313703467575771 0.3891596997626824 0.5367524096085452
1 0.3794884765841748 0.5224077433459655 0.36969603190613937 0.4398717878421637 0.12074761454023705 0.48279310831207306 0.11414263035749084 0.47556973943841985 0.09405040333797379 0.48312534964509707 0.1061520524023827 0.5652541301116109 0.3794884765841748 0.5224077433459655
2 0.35334561757580635 0.3279011031867918 0.09860671910441546 0.37570024887924824 0.10433387635426059 0.45033682144543663 0.3660473751524349 0.40836631881345253 0.35334561757580635 0.3279011031867918
1 0.3255373306217856 0.22921506408843512 0.09192557569765694 0.26402815744318675 0.10277975011856533 0.3403376849124319 0.3381091763301109 0.30051354409309944 0.3255373306217856 0.22921506408843512
6 0.7988066839655481 0.13908176244586223 0.46125567501849485 0.19786002272231912 0.46498958335686463 0.2864950368930351 0.8176914998363857 0.22931653199932672 0.7988066839655481 0.13908176244586223
6 0.9206077057824477 0.6190428111961653 0.9049686344501571 0.572511885802063 0.5215125561668766 0.6344565493492658 0.5355311672663572 0.7287124890230279 0.9330367451407843 0.6895313961444125 0.9206077057824477 0.6190428111961653
6 0.8447726433628074 0.3323087046016233 0.8256019975960232 0.24045291315577103 0.4715570785172028 0.2984448406295094 0.47390114680837897 0.30330233795669137 0.48644599950734724 0.39131407635977605 0.8447726433628074 0.3323087046016233
6 0.8466297775005699 0.342841035673707 0.49103434428388154 0.40890590386793685 0.5090453008496791 0.5026147398369614 0.8729965634830936 0.4417818853245875 0.8466297775005699 0.342841035673707
6 0.8781880327886055 0.4543642332037677 0.5132107937519746 0.5262384240034962 0.5103328577676086 0.5183532125338451 0.5156479814429124 0.6243857133029524 0.9051273568150549 0.5565457017028319 0.8781880327886055 0.4543642332037677