5 0.408203125 0.4150390625 0.294921875 0.232421875
2 0.34765625 0.375 0.146484375 0.04296875
1 0.3486328125 0.4072265625 0.140625 0.0390625
0 0.3505859375 0.439453125 0.130859375 0.041015625
4 0.3505859375 0.4716796875 0.146484375 0.044921875
3 0.3515625 0.501953125 0.13671875 0.0390625
6 0.4833984375 0.3623046875 0.08984375 0.041015625
6 0.484375 0.39453125 0.08984375 0.037109375
6 0.4853515625 0.4267578125 0.091796875 0.03515625
6 0.4873046875 0.4599609375 0.08984375 0.03515625
6 0.48828125 0.490234375 0.091796875 0.03125