5 0.27457563035836463 0.4000978136501046 0.28908604978700947 0.4024125382589593 0.2909531535469071 0.4607340731218462 0.5634444060336464 0.4706440862163068 0.5635351569507824 0.4696067984869188 0.5773716723215323 0.30261038348441516 0.2875409801495114 0.269591828667442 0.27457563035836463 0.4000978136501046
2 0.4265445746808281 0.3005590046472625 0.2890493642137538 0.28332994568380804 0.28557068999061574 0.3098169252018171 0.4196364368924386 0.3264215856963307 0.4265445746808281 0.3005590046472625
0 0.41986004935875854 0.3327100041376149 0.2860616108800249 0.3174801225560794 0.28325580429999864 0.34513644606019633 0.415136012348052 0.36015709665671836 0.41986004935875854 0.3327100041376149
2 0.4116685724216491 0.36438096243902146 0.2860693155622756 0.3505861474832135 0.28419529542183863 0.3786514879596203 0.41137463933892615 0.39430546625435065 0.4116685724216491 0.36438096243902146
3 0.29832113979530295 0.4119267588698197 0.4120286700941677 0.4222230787346487 0.41184016346371005 0.397828821786744 0.2830815622285467 0.3847363243554849 0.2830885299474548 0.40014619584558875 0.2906535201709197 0.4022008467544177 0.29832113979530295 0.4119267588698197
4 0.4073700255399283 0.4312181550895448 0.2930746044471306 0.4187812014079683 0.29361804492588994 0.419198904854255 0.29012827925444623 0.44359759612158345 0.4044553160992568 0.45568911581690213 0.4073700255399283 0.4312181550895448
6 0.5424757618559205 0.4447800028126546 0.4462461311282172 0.4338589800836179 0.44223240428018706 0.4576013827491613 0.534211833193819 0.46843476749327395 0.5424757618559205 0.4447800028126546
6 0.5498388744167196 0.4137329720313479 0.45946012310502576 0.40452339962873346 0.4580493357372926 0.4272939652847827 0.5440298612076226 0.4358608865658821 0.5498388744167196 0.4137329720313479
6 0.5620238341738862 0.3806697707865443 0.4643697020438234 0.3705413607101795 0.4616292613844857 0.39521954852424024 0.5598770248129937 0.40520791406560286 0.5620238341738862 0.3806697707865443
6 0.5571886704176499 0.37397789388612396 0.5601638441548527 0.34881582308696546 0.46716838188812915 0.3385523037110809 0.4675458866267761 0.3630013664821864 0.5540840707427734 0.37405447661593383 0.5571886704176499 0.37397789388612396
6 0.5699227370035331 0.31693379590270376 0.4742536393009256 0.30403597954925266 0.4701939934976141 0.303969404766826 0.47346118273765847 0.33078244076880353 0.5615983440449005 0.3412796706551243 0.5699227370035331 0.31693379590270376