5 0.47914833333333334 0.656524375 0.5065283333333334 0.32218687500000004 0.2053491666666667 0.29567875 0.16313833333333333 0.64882875 0.47914833333333334 0.656524375
0 0.2705078125 0.337890625 0.1240234375 0.0498046875
2 0.275390625 0.4013671875 0.1357421875 0.0458984375
1 0.19710083333333334 0.48610625 0.33355500000000005 0.49909375 0.34113583333333336 0.45242 0.20035 0.44276625000000003 0.20089166666666666 0.44308562500000004 0.19710083333333334 0.48610625
3 0.3016075 0.570119375 0.31460333333333335 0.5169518750000001 0.1954766666666667 0.507616875 0.19331083333333335 0.5579437500000001 0.3016075 0.570119375
4 0.29077833333333336 0.628285 0.30106583333333337 0.577958125 0.19358166666666668 0.573738125 0.1884375 0.62179125 0.29077833333333336 0.628285
6 0.4169921875 0.6025390625 0.095703125 0.0400390625
6 0.4248046875 0.541015625 0.08984375 0.044921875
6 0.4306640625 0.478515625 0.095703125 0.046875
6 0.4384765625 0.416015625 0.0947265625 0.0458984375
6 0.443359375 0.3515625 0.08984375 0.0458984375